0.000000e+00 -1.000000e+00 0.000000e+00 0.000000e+00 0.000000e+00 0.000000e+00 -1.000000e+00 0.000000e+00 1.000000e+00 0.000000e+00 0.000000e+00 0.000000e+00
-3.102459e-03 -9.999933e-01 1.956119e-03 2.443310e-03 -9.363324e-04 -1.953222e-03 -9.999977e-01 -1.031574e-03 9.999948e-01 -3.104284e-03 -9.302663e-04 5.094109e-01
-7.266855e-03 -9.999729e-01 1.197490e-03 -6.699928e-03 -2.151091e-03 -1.181887e-03 -9.999970e-01 1.757036e-04 9.999713e-01 -7.269409e-03 -2.142444e-03 1.191684e+00
-1.170599e-02 -9.999308e-01 1.170638e-03 -1.850438e-02 -4.125694e-03 -1.122410e-03 -9.999909e-01 -1.667788e-02 9.999230e-01 -1.171071e-02 -4.112269e-03 2.110676e+00
-1.607034e-02 -9.998708e-01 1.664309e-04 -4.048793e-02 -5.253966e-03 -8.200620e-05 -9.999862e-01 -2.169160e-02 9.998571e-01 -1.607099e-02 -5.251970e-03 2.857544e+00
-2.019023e-02 -9.997961e-01 -3.001527e-04 -5.341028e-02 -5.402367e-03 4.093068e-04 -9.999853e-01 -3.325011e-02 9.997815e-01 -2.018831e-02 -5.409529e-03 3.601929e+00
-2.464264e-02 -9.996963e-01 3.112368e-05 -8.843444e-02 -6.018104e-03 1.172145e-04 -9.999819e-01 -4.090232e-02 9.996782e-01 -2.464238e-02 -6.019165e-03 4.365694e+00
-2.933259e-02 -9.995667e-01 -2.447883e-03 -1.293962e-01 -6.340023e-03 2.634936e-03 -9.999765e-01 -4.831344e-02 9.995496e-01 -2.931638e-02 -6.414566e-03 5.149827e+00
-3.373013e-02 -9.994184e-01 -5.016842e-03 -1.597401e-01 -5.575150e-03 5.207776e-03 -9.999709e-01 -5.573668e-02 9.994154e-01 -3.370118e-02 -5.747566e-03 5.944501e+00
-3.775537e-02 -9.992726e-01 -5.362883e-03 -1.957570e-01 -3.073668e-03 5.482813e-03 -9.999803e-01 -6.574208e-02 9.992823e-01 -3.773814e-02 -3.278438e-03 6.751519e+00
-4.196529e-02 -9.991059e-01 -5.138489e-03 -2.299989e-01 -9.104860e-04 5.181259e-03 -9.999862e-01 -7.778499e-02 9.991186e-01 -4.196003e-02 -1.127105e-03 7.574337e+00
-4.435019e-02 -9.990051e-01 -4.671253e-03 -2.757450e-01 -5.240762e-04 4.699118e-03 -9.999888e-01 -7.805565e-02 9.990159e-01 -4.434725e-02 -7.319616e-04 8.385373e+00
-4.593366e-02 -9.989350e-01 -4.355825e-03 -3.279299e-01 -1.507452e-03 4.429739e-03 -9.999890e-01 -8.549269e-02 9.989433e-01 -4.592659e-02 -1.709320e-03 9.205673e+00
-4.746656e-02 -9.988694e-01 -2.619800e-03 -3.584173e-01 -1.365395e-03 2.687637e-03 -9.999955e-01 -9.326356e-02 9.988719e-01 -4.746277e-02 -1.491425e-03 1.002652e+01
-4.996056e-02 -9.987494e-01 -1.899424e-03 -4.089776e-01 -8.256600e-04 1.943101e-03 -9.999978e-01 -9.505221e-02 9.987509e-01 -4.995888e-02 -9.217058e-04 1.086095e+01
-5.212467e-02 -9.986402e-01 -9.211898e-04 -4.430628e-01 -1.178360e-03 9.839484e-04 -9.999988e-01 -1.099174e-01 9.986399e-01 -5.212352e-02 -1.228045e-03 1.174063e+01
-5.375168e-02 -9.985543e-01 -3.757054e-04 -4.949249e-01 -2.903604e-03 5.325472e-04 -9.999956e-01 -1.125923e-01 9.985501e-01 -5.375035e-02 -2.928031e-03 1.260388e+01
-5.529026e-02 -9.984679e-01 -2.213337e-03 -5.540614e-01 -4.804244e-03 2.482736e-03 -9.999854e-01 -1.170811e-01 9.984587e-01 -5.527882e-02 -4.934154e-03 1.349244e+01
-5.536787e-02 -9.984530e-01 -5.097743e-03 -6.138662e-01 -6.357076e-03 5.457985e-03 -9.999649e-01 -1.279559e-01 9.984458e-01 -5.533352e-02 -6.649439e-03 1.435544e+01
-5.794173e-02 -9.982993e-01 -6.424346e-03 -6.682553e-01 -6.303420e-03 6.800867e-03 -9.999570e-01 -1.335412e-01 9.983001e-01 -5.789874e-02 -6.686754e-03 1.523438e+01
-5.953273e-02 -9.982035e-01 -6.758360e-03 -7.232465e-01 -5.261424e-03 7.084050e-03 -9.999611e-01 -1.489401e-01 9.982125e-01 -5.949486e-02 -5.673705e-03 1.614271e+01
-6.041146e-02 -9.981481e-01 -7.119498e-03 -7.841855e-01 -3.799865e-03 7.362443e-03 -9.999657e-01 -1.564270e-01 9.981663e-01 -6.038233e-02 -4.237605e-03 1.704470e+01
-6.161537e-02 -9.980740e-01 -7.200635e-03 -8.412211e-01 -3.248045e-03 7.414810e-03 -9.999672e-01 -1.722465e-01 9.980947e-01 -6.158996e-02 -3.698656e-03 1.794776e+01
-6.276012e-02 -9.980081e-01 -6.410781e-03 -9.008300e-01 -4.732393e-03 6.720958e-03 -9.999662e-01 -1.761277e-01 9.980174e-01 -6.272766e-02 -5.144774e-03 1.884360e+01
-6.364930e-02 -9.979577e-01 -5.403554e-03 -9.633371e-01 -4.522304e-03 5.702899e-03 -9.999735e-01 -1.884476e-01 9.979621e-01 -6.362318e-02 -4.876054e-03 1.974827e+01
-6.423389e-02 -9.979193e-01 -5.565791e-03 -1.029570e+00 -2.784248e-03 5.756498e-03 -9.999796e-01 -2.010041e-01 9.979310e-01 -6.421708e-02 -3.148217e-03 2.069367e+01
-6.390444e-02 -9.979299e-01 -7.213136e-03 -1.098588e+00 1.632340e-04 7.217458e-03 -9.999740e-01 -2.093211e-01 9.979560e-01 -6.390396e-02 -2.983315e-04 2.162962e+01
-6.417321e-02 -9.979118e-01 -7.335532e-03 -1.161142e+00 3.423551e-03 7.130492e-03 -9.999687e-01 -2.149804e-01 9.979329e-01 -6.419631e-02 2.958815e-03 2.255835e+01
-6.178584e-02 -9.980742e-01 -5.510161e-03 -1.216544e+00 6.473543e-03 5.119860e-03 -9.999660e-01 -2.096704e-01 9.980685e-01 -6.181940e-02 6.144742e-03 2.350448e+01
-5.950353e-02 -9.982083e-01 -6.288580e-03 -1.277434e+00 7.717133e-03 5.839551e-03 -9.999532e-01 -2.094214e-01 9.981983e-01 -5.954927e-02 7.355832e-03 2.444967e+01
-5.898942e-02 -9.982373e-01 -6.516962e-03 -1.342339e+00 5.030144e-03 6.231011e-03 -9.999679e-01 -2.168071e-01 9.982460e-01 -5.902031e-02 4.653714e-03 2.541826e+01
-5.661133e-02 -9.983724e-01 -6.909440e-03 -1.406056e+00 6.307103e-04 6.884776e-03 -9.999761e-01 -2.155010e-01 9.983961e-01 -5.661434e-02 2.399274e-04 2.635550e+01
-5.650637e-02 -9.983721e-01 -7.755746e-03 -1.465695e+00 -2.311781e-03 7.898972e-03 -9.999661e-01 -2.241965e-01 9.983996e-01 -5.648652e-02 -2.754360e-03 2.731817e+01
-5.562116e-02 -9.984276e-01 -6.977561e-03 -1.529698e+00 -6.770176e-04 7.026092e-03 -9.999751e-01 -2.356532e-01 9.984517e-01 -5.561505e-02 -1.066752e-03 2.828776e+01
-5.549102e-02 -9.984436e-01 -5.583064e-03 -1.584573e+00 3.931465e-03 5.373143e-03 -9.999778e-01 -2.422245e-01 9.984515e-01 -5.551174e-02 3.627185e-03 2.927606e+01
-5.655193e-02 -9.983996e-01 2.981858e-04 -1.637366e+00 6.354982e-03 -6.586202e-04 -9.999796e-01 -2.377425e-01 9.983794e-01 -5.654888e-02 6.382057e-03 3.025464e+01
-5.702070e-02 -9.983524e-01 6.408119e-03 -1.689622e+00 7.068112e-03 -6.822078e-03 -9.999517e-01 -2.495750e-01 9.983480e-01 -5.697266e-02 7.445467e-03 3.123507e+01
-5.800730e-02 -9.982705e-01 9.552154e-03 -1.745585e+00 3.514332e-03 -9.772398e-03 -9.999461e-01 -2.400517e-01 9.983100e-01 -5.797060e-02 4.075123e-03 3.221547e+01
-6.022669e-02 -9.981552e-01 7.679245e-03 -1.807674e+00 3.090455e-04 -7.711856e-03 -9.999702e-01 -2.502478e-01 9.981847e-01 -6.022253e-02 7.729349e-04 3.320071e+01
-6.196249e-02 -9.980624e-01 5.658315e-03 -1.878591e+00 -7.764181e-04 -5.621006e-03 -9.999839e-01 -2.582747e-01 9.980782e-01 -6.196588e-02 -4.266222e-04 3.419114e+01
-6.266323e-02 -9.980155e-01 6.192506e-03 -1.942645e+00 4.524080e-04 -6.233104e-03 -9.999804e-01 -2.697771e-01 9.980347e-01 -6.265920e-02 8.420966e-04 3.521409e+01
-6.491498e-02 -9.978738e-01 5.820492e-03 -2.011261e+00 2.630280e-03 -6.003877e-03 -9.999785e-01 -2.691037e-01 9.978873e-01 -6.489827e-02 3.014429e-03 3.622340e+01
-6.491246e-02 -9.978775e-01 5.172713e-03 -2.087471e+00 4.739715e-03 -5.491900e-03 -9.999737e-01 -2.757329e-01 9.978797e-01 -6.488623e-02 5.086148e-03 3.721036e+01
-6.660765e-02 -9.977756e-01 2.693276e-03 -2.167210e+00 6.520600e-03 -3.134500e-03 -9.999738e-01 -2.748698e-01 9.977579e-01 -6.658835e-02 6.714877e-03 3.822652e+01
-6.630691e-02 -9.977938e-01 3.298947e-03 -2.237731e+00 1.056640e-02 -4.008205e-03 -9.999362e-01 -2.898638e-01 9.977433e-01 -6.626783e-02 1.080886e-02 3.919584e+01
-6.660814e-02 -9.977788e-01 -8.544895e-04 -2.306485e+00 1.172768e-02 7.343513e-05 -9.999312e-01 -2.744843e-01 9.977103e-01 -6.661358e-02 1.169674e-02 4.023113e+01
-6.677770e-02 -9.977666e-01 -1.582843e-03 -2.386237e+00 1.232133e-02 7.616328e-04 -9.999238e-01 -2.745849e-01 9.976918e-01 -6.679212e-02 1.224296e-02 4.121309e+01
-6.669550e-02 -9.977707e-01 -2.302306e-03 -2.451273e+00 1.068182e-02 1.593294e-03 -9.999417e-01 -2.811898e-01 9.977162e-01 -6.671620e-02 1.055175e-02 4.221812e+01
-6.604913e-02 -9.977982e-01 -6.023845e-03 -2.531804e+00 9.456743e-03 5.410791e-03 -9.999406e-01 -2.874745e-01 9.977716e-01 -6.610217e-02 9.078544e-03 4.321843e+01
-6.792631e-02 -9.976630e-01 -7.380289e-03 -2.596666e+00 9.200745e-03 6.770657e-03 -9.999347e-01 -2.914744e-01 9.976479e-01 -6.798978e-02 8.719337e-03 4.421000e+01
-6.923223e-02 -9.975893e-01 -4.731802e-03 -2.668645e+00 9.985925e-03 4.049943e-03 -9.999419e-01 -2.894676e-01 9.975506e-01 -6.927546e-02 9.681465e-03 4.519712e+01
-6.939396e-02 -9.975849e-01 -2.970976e-03 -2.742473e+00 1.083217e-02 2.224479e-03 -9.999388e-01 -2.810303e-01 9.975305e-01 -6.942190e-02 1.065165e-02 4.619526e+01
-7.031944e-02 -9.975130e-01 -4.796954e-03 -2.819102e+00 8.269309e-03 4.225763e-03 -9.999569e-01 -2.864385e-01 9.974902e-01 -7.035608e-02 7.951590e-03 4.717390e+01
-7.010254e-02 -9.975284e-01 -4.762868e-03 -2.890175e+00 4.679420e-03 4.445717e-03 -9.999792e-01 -2.835247e-01 9.975288e-01 -7.012337e-02 4.356198e-03 4.813262e+01
-7.187955e-02 -9.973829e-01 -7.795452e-03 -2.966548e+00 2.833001e-03 7.611481e-03 -9.999670e-01 -2.955538e-01 9.974093e-01 -7.189927e-02 2.278476e-03 4.909616e+01
-7.171461e-02 -9.974000e-01 -7.079844e-03 -3.041648e+00 5.931934e-03 6.671501e-03 -9.999601e-01 -2.964264e-01 9.974076e-01 -7.175376e-02 5.438067e-03 5.007549e+01
-7.137862e-02 -9.974351e-01 -5.318275e-03 -3.119864e+00 8.323891e-03 4.736031e-03 -9.999542e-01 -3.052554e-01 9.974146e-01 -7.141961e-02 7.964490e-03 5.107369e+01
-7.226681e-02 -9.973816e-01 -2.737379e-03 -3.183433e+00 9.882649e-03 2.028363e-03 -9.999491e-01 -3.027937e-01 9.973364e-01 -7.229019e-02 9.710189e-03 5.204016e+01
-7.252871e-02 -9.973659e-01 -9.413764e-04 -3.253635e+00 8.913096e-03 2.956626e-04 -9.999602e-01 -3.033065e-01 9.973265e-01 -7.253421e-02 8.868174e-03 5.300893e+01
-7.234242e-02 -9.973767e-01 2.510658e-03 -3.315484e+00 7.776973e-03 -3.081258e-03 -9.999650e-01 -3.142017e-01 9.973496e-01 -7.232036e-02 7.979477e-03 5.397180e+01
-7.310945e-02 -9.973207e-01 2.555085e-03 -3.389328e+00 9.223475e-03 -3.237961e-03 -9.999522e-01 -3.228577e-01 9.972813e-01 -7.308239e-02 9.435488e-03 5.492545e+01
-7.422227e-02 -9.972258e-01 5.638583e-03 -3.455539e+00 1.298218e-02 -6.619915e-03 -9.998938e-01 -3.209651e-01 9.971572e-01 -7.414119e-02 1.343751e-02 5.590717e+01
-7.548939e-02 -9.971135e-01 8.131535e-03 -3.525072e+00 1.783115e-02 -9.503369e-03 -9.997959e-01 -3.189353e-01 9.969872e-01 -7.532899e-02 1.849708e-02 5.684485e+01
-7.616211e-02 -9.970504e-01 9.478986e-03 -3.601512e+00 1.951143e-02 -1.099507e-02 -9.997492e-01 -3.021010e-01 9.969046e-01 -7.595806e-02 2.029129e-02 5.780189e+01
-7.587912e-02 -9.970818e-01 8.377443e-03 -3.681833e+00 1.683324e-02 -9.681406e-03 -9.998114e-01 -3.004634e-01 9.969749e-01 -7.572380e-02 1.751873e-02 5.873497e+01
-7.804612e-02 -9.969348e-01 5.462020e-03 -3.760123e+00 1.028878e-02 -6.283883e-03 -9.999273e-01 -3.023570e-01 9.968967e-01 -7.798425e-02 1.074767e-02 5.965454e+01
-7.908256e-02 -9.968607e-01 3.836640e-03 -3.839393e+00 5.319788e-03 -4.270660e-03 -9.999768e-01 -3.051149e-01 9.968539e-01 -7.906031e-02 5.640822e-03 6.058553e+01
-7.928703e-02 -9.968508e-01 -1.429143e-03 -3.923094e+00 5.195746e-03 1.020382e-03 -9.999860e-01 -3.049939e-01 9.968383e-01 -7.929334e-02 5.098481e-03 6.149876e+01
-8.157856e-02 -9.966594e-01 -3.876383e-03 -4.003008e+00 7.566883e-03 3.269879e-03 -9.999660e-01 -3.112372e-01 9.966382e-01 -8.160512e-02 7.274853e-03 6.240150e+01
-8.221859e-02 -9.966024e-01 -4.868398e-03 -4.085502e+00 9.022719e-03 4.140391e-03 -9.999507e-01 -3.152072e-01 9.965734e-01 -8.225846e-02 8.651647e-03 6.326353e+01
-8.271413e-02 -9.965625e-01 -4.648557e-03 -4.157269e+00 9.171636e-03 3.903120e-03 -9.999503e-01 -3.165677e-01 9.965311e-01 -8.275265e-02 8.817265e-03 6.414179e+01
-8.507515e-02 -9.963382e-01 -8.501809e-03 -4.231657e+00 1.011451e-02 7.668711e-03 -9.999194e-01 -3.235616e-01 9.963232e-01 -8.515429e-02 9.425056e-03 6.500304e+01
-8.539078e-02 -9.963137e-01 -8.214829e-03 -4.315004e+00 1.066129e-02 7.330789e-03 -9.999163e-01 -3.271444e-01 9.962905e-01 -8.547121e-02 9.996011e-03 6.584484e+01
-8.755517e-02 -9.961270e-01 -8.068394e-03 -4.390762e+00 1.122176e-02 7.112706e-03 -9.999117e-01 -3.324430e-01 9.960965e-01 -8.763798e-02 1.055554e-02 6.665638e+01
-8.878095e-02 -9.960211e-01 -7.740247e-03 -4.466810e+00 1.202520e-02 6.698557e-03 -9.999052e-01 -3.377329e-01 9.959786e-01 -8.886562e-02 1.138265e-02 6.748096e+01
-9.011433e-02 -9.958799e-01 -1.012796e-02 -4.553709e+00 1.454005e-02 8.852697e-03 -9.998551e-01 -3.399674e-01 9.958253e-01 -9.024853e-02 1.368239e-02 6.830678e+01
-9.198763e-02 -9.956910e-01 -1.173412e-02 -4.632755e+00 1.801445e-02 1.011811e-02 -9.997866e-01 -3.317623e-01 9.955972e-01 -9.217938e-02 1.700608e-02 6.908839e+01
-9.326331e-02 -9.955608e-01 -1.267590e-02 -4.708542e+00 1.989352e-02 1.086555e-02 -9.997430e-01 -3.200141e-01 9.954427e-01 -9.349151e-02 1.879185e-02 6.985582e+01
-9.403619e-02 -9.954565e-01 -1.495257e-02 -4.789121e+00 1.672858e-02 1.343709e-02 -9.997697e-01 -3.289433e-01 9.954282e-01 -9.426468e-02 1.538900e-02 7.060973e+01
-9.496111e-02 -9.953416e-01 -1.665967e-02 -4.859787e+00 1.028341e-02 1.575359e-02 -9.998230e-01 -3.332529e-01 9.954278e-01 -9.511562e-02 8.739528e-03 7.132033e+01
-9.600744e-02 -9.952432e-01 -1.653953e-02 -4.926056e+00 4.469970e-03 1.618504e-02 -9.998590e-01 -3.380413e-01 9.953706e-01 -9.606783e-02 2.894824e-03 7.203832e+01
-9.758268e-02 -9.950501e-01 -1.878666e-02 -5.003708e+00 2.637920e-03 1.861808e-02 -9.998232e-01 -3.396416e-01 9.952239e-01 -9.761498e-02 8.080598e-04 7.273272e+01
-9.780314e-02 -9.949587e-01 -2.217493e-02 -5.082108e+00 5.915708e-03 2.170015e-02 -9.997470e-01 -3.464352e-01 9.951882e-01 -9.790958e-02 3.763543e-03 7.341376e+01
-9.870949e-02 -9.949145e-01 -2.004041e-02 -5.150277e+00 7.951408e-03 1.934955e-02 -9.997811e-01 -3.522683e-01 9.950845e-01 -9.884724e-02 6.000987e-03 7.408049e+01
-1.009217e-01 -9.947491e-01 -1.699822e-02 -5.211896e+00 5.774183e-03 1.649952e-02 -9.998472e-01 -3.646612e-01 9.948776e-01 -1.010045e-01 4.078704e-03 7.471561e+01
-1.004984e-01 -9.948795e-01 -1.071215e-02 -5.264839e+00 9.941593e-04 1.066624e-02 -9.999426e-01 -3.785092e-01 9.949367e-01 -1.005033e-01 -8.287191e-05 7.534059e+01
-9.881742e-02 -9.950840e-01 -6.556350e-03 -5.318262e+00 -3.671772e-03 6.953164e-03 -9.999691e-01 -3.892517e-01 9.950988e-01 -9.879029e-02 -4.340815e-03 7.591528e+01
-9.626345e-02 -9.953247e-01 -7.873757e-03 -5.392623e+00 -4.743461e-03 8.369142e-03 -9.999537e-01 -3.879734e-01 9.953446e-01 -9.622165e-02 -5.526927e-03 7.649805e+01
-9.260084e-02 -9.956143e-01 -1.330904e-02 -5.456244e+00 -1.979886e-03 1.355056e-02 -9.999062e-01 -3.904672e-01 9.957013e-01 -9.256581e-02 -3.225996e-03 7.708562e+01
-8.809372e-02 -9.960256e-01 -1.313285e-02 -5.514804e+00 1.158383e-03 1.308167e-02 -9.999138e-01 -4.018670e-01 9.961115e-01 -8.810133e-02 1.366340e-06 7.767191e+01
-8.199008e-02 -9.965850e-01 -9.800404e-03 -5.550100e+00 5.014371e-03 9.420890e-03 -9.999431e-01 -4.075936e-01 9.966205e-01 -8.203455e-02 4.224827e-03 7.818981e+01
-7.389650e-02 -9.972512e-01 -5.423909e-03 -5.580006e+00 9.320849e-03 4.747885e-03 -9.999453e-01 -4.204852e-01 9.972224e-01 -7.394300e-02 8.944375e-03 7.871035e+01
-6.358643e-02 -9.979568e-01 -6.245771e-03 -5.617725e+00 9.951290e-03 5.624087e-03 -9.999347e-01 -4.301004e-01 9.979267e-01 -6.364443e-02 9.573341e-03 7.922491e+01
-4.877974e-02 -9.987324e-01 -1.241285e-02 -5.663666e+00 9.417507e-03 1.196719e-02 -9.998841e-01 -4.336549e-01 9.987652e-01 -4.889098e-02 8.821812e-03 7.973795e+01
-3.026753e-02 -9.993963e-01 -1.705775e-02 -5.680381e+00 9.710513e-03 1.677076e-02 -9.998122e-01 -4.297442e-01 9.994947e-01 -3.042748e-02 9.197040e-03 8.023129e+01
-9.114368e-03 -9.998135e-01 -1.702663e-02 -5.684553e+00 9.612395e-03 1.693895e-02 -9.998103e-01 -4.210121e-01 9.999123e-01 -9.276306e-03 9.456214e-03 8.070119e+01
1.551122e-02 -9.997950e-01 -1.301297e-02 -5.678301e+00 1.011136e-02 1.317071e-02 -9.998621e-01 -4.232765e-01 9.998286e-01 1.537750e-02 1.031358e-02 8.119341e+01
4.615543e-02 -9.988638e-01 -1.186783e-02 -5.629287e+00 1.330639e-02 1.249421e-02 -9.998334e-01 -4.379830e-01 9.988456e-01 4.598982e-02 1.386794e-02 8.163614e+01
7.958537e-02 -9.967742e-01 -1.036216e-02 -5.573050e+00 1.422886e-02 1.153002e-02 -9.998323e-01 -4.354771e-01 9.967265e-01 7.942459e-02 1.510058e-02 8.207951e+01
1.174543e-01 -9.930192e-01 -1.082939e-02 -5.511096e+00 1.483188e-02 1.265776e-02 -9.998099e-01 -4.394401e-01 9.929675e-01 1.172714e-01 1.621505e-02 8.253159e+01
1.581438e-01 -9.873582e-01 -1.069507e-02 -5.433130e+00 1.483963e-02 1.320671e-02 -9.998026e-01 -4.374557e-01 9.873046e-01 1.579539e-01 1.674059e-02 8.296437e+01
2.042886e-01 -9.788508e-01 -1.082312e-02 -5.334862e+00 1.515097e-02 1.421662e-02 -9.997842e-01 -4.366699e-01 9.787934e-01 2.040805e-01 1.773483e-02 8.337832e+01
2.536283e-01 -9.672158e-01 -1.289129e-02 -5.214473e+00 1.379002e-02 1.694115e-02 -9.997614e-01 -4.411766e-01 9.672034e-01 2.533900e-01 1.763468e-02 8.380492e+01
3.047769e-01 -9.523278e-01 -1.352129e-02 -5.072176e+00 1.158163e-02 1.790143e-02 -9.997727e-01 -4.386091e-01 9.523534e-01 3.045510e-01 1.648545e-02 8.418778e+01
3.616008e-01 -9.322383e-01 -1.329075e-02 -4.898477e+00 1.004566e-02 1.815031e-02 -9.997848e-01 -4.438772e-01 9.322789e-01 3.613895e-01 1.592812e-02 8.456319e+01
4.180289e-01 -9.083241e-01 -1.411469e-02 -4.694666e+00 8.021677e-03 1.922763e-02 -9.997830e-01 -4.430458e-01 9.083983e-01 4.178250e-01 1.532399e-02 8.490335e+01
4.753019e-01 -8.797078e-01 -1.422340e-02 -4.492016e+00 5.888476e-03 1.934653e-02 -9.997955e-01 -4.367933e-01 8.798031e-01 4.751209e-01 1.437558e-02 8.524172e+01
5.324931e-01 -8.463433e-01 -1.241507e-02 -4.263551e+00 3.464692e-03 1.684678e-02 -9.998521e-01 -4.333233e-01 8.464273e-01 5.323713e-01 1.190311e-02 8.557404e+01
5.860918e-01 -8.101447e-01 -1.273100e-02 -3.989060e+00 2.477564e-03 1.750440e-02 -9.998437e-01 -4.491733e-01 8.102409e-01 5.859686e-01 1.226637e-02 8.587263e+01
6.376839e-01 -7.702214e-01 -1.088074e-02 -3.728641e+00 2.916351e-03 1.653929e-02 -9.998590e-01 -4.565680e-01 7.702926e-01 6.375622e-01 1.279307e-02 8.615192e+01
6.855513e-01 -7.279473e-01 -1.058791e-02 -3.463573e+00 3.956433e-03 1.826835e-02 -9.998253e-01 -4.538943e-01 7.280135e-01 6.853897e-01 1.540397e-02 8.641440e+01
7.303365e-01 -6.830323e-01 -8.692819e-03 -3.174099e+00 4.407856e-03 1.743788e-02 -9.998382e-01 -4.515084e-01 6.830733e-01 7.301800e-01 1.574622e-02 8.664685e+01
7.711644e-01 -6.365972e-01 -7.029948e-03 -2.845912e+00 3.014621e-03 1.469363e-02 -9.998875e-01 -4.496357e-01 6.366289e-01 7.710565e-01 1.325031e-02 8.687193e+01
8.077377e-01 -5.895268e-01 -4.247854e-03 -2.507570e+00 2.530855e-03 1.067274e-02 -9.999399e-01 -4.651804e-01 5.895366e-01 8.076783e-01 1.011278e-02 8.707526e+01
8.397726e-01 -5.429119e-01 -5.338654e-03 -2.184271e+00 2.051970e-03 1.300649e-02 -9.999133e-01 -4.869788e-01 5.429344e-01 8.396889e-01 1.203653e-02 8.724746e+01
8.682368e-01 -4.960898e-01 -7.732144e-03 -1.853266e+00 6.899728e-04 1.679154e-02 -9.998588e-01 -4.814747e-01 4.961496e-01 8.681088e-01 1.492132e-02 8.742570e+01
8.930628e-01 -4.498495e-01 -8.613218e-03 -1.532858e+00 -1.208183e-03 1.674564e-02 -9.998590e-01 -4.739895e-01 4.499303e-01 8.929474e-01 1.441141e-02 8.754996e+01
9.132439e-01 -4.073522e-01 -7.056765e-03 -1.161479e+00 -2.868687e-03 1.089108e-02 -9.999366e-01 -4.720114e-01 4.074032e-01 9.132062e-01 8.777649e-03 8.768841e+01
9.299959e-01 -3.675674e-01 1.373334e-03 -8.060521e-01 1.411328e-04 -3.379170e-03 -9.999943e-01 -4.802717e-01 3.675699e-01 9.299908e-01 -3.090739e-03 8.778733e+01
9.433398e-01 -3.317913e-01 4.962862e-03 -4.323990e-01 2.102963e-03 -8.978060e-03 -9.999575e-01 -4.858635e-01 3.318218e-01 9.433101e-01 -7.771616e-03 8.790166e+01
9.543340e-01 -2.987350e-01 1.995669e-03 -7.186674e-02 7.197124e-04 -4.381151e-03 -9.999902e-01 -5.133774e-01 2.987407e-01 9.543260e-01 -3.966079e-03 8.799005e+01
9.633011e-01 -2.683656e-01 -5.552338e-03 2.848886e-01 -4.283828e-03 5.312128e-03 -9.999767e-01 -5.102700e-01 2.683889e-01 9.633025e-01 3.967546e-03 8.810579e+01
9.708573e-01 -2.394191e-01 -1.070368e-02 6.661000e-01 -8.190154e-03 1.149090e-02 -9.999005e-01 -5.171215e-01 2.395182e-01 9.708483e-01 9.195141e-03 8.820130e+01
9.769652e-01 -2.130914e-01 -1.144346e-02 1.057946e+00 -9.420962e-03 1.050426e-02 -9.999005e-01 -5.145668e-01 2.131904e-01 9.769758e-01 8.254766e-03 8.827137e+01
9.816487e-01 -1.903032e-01 -1.226431e-02 1.466425e+00 -1.177210e-02 3.716733e-03 -9.999238e-01 -5.205659e-01 1.903343e-01 9.817183e-01 1.408258e-03 8.833167e+01
9.855219e-01 -1.686276e-01 -1.764273e-02 1.864533e+00 -1.834689e-02 -2.618612e-03 -9.998283e-01 -5.286912e-01 1.685525e-01 9.856763e-01 -5.674493e-03 8.837721e+01
9.883969e-01 -1.497764e-01 -2.526901e-02 2.288606e+00 -2.597549e-02 -2.762141e-03 -9.996588e-01 -5.294670e-01 1.496554e-01 9.887161e-01 -6.620605e-03 8.844150e+01
9.909284e-01 -1.318587e-01 -2.596534e-02 2.734617e+00 -2.666951e-02 -3.576779e-03 -9.996379e-01 -5.322725e-01 1.317181e-01 9.912621e-01 -7.060939e-03 8.849333e+01
9.929682e-01 -1.163806e-01 -2.167334e-02 3.188862e+00 -2.195848e-02 -1.168271e-03 -9.997582e-01 -5.463638e-01 1.163271e-01 9.932040e-01 -3.715597e-03 8.854643e+01
9.946476e-01 -1.016149e-01 -1.872416e-02 3.661933e+00 -1.908912e-02 -2.620257e-03 -9.998143e-01 -5.625060e-01 1.015470e-01 9.948204e-01 -4.545971e-03 8.859455e+01
9.959442e-01 -8.858686e-02 -1.573341e-02 4.142164e+00 -1.608385e-02 -3.243328e-03 -9.998654e-01 -5.767431e-01 8.852390e-02 9.960632e-01 -4.654991e-03 8.862893e+01
9.970449e-01 -7.546876e-02 -1.434791e-02 4.631434e+00 -1.489244e-02 -6.657501e-03 -9.998670e-01 -5.873575e-01 7.536320e-02 9.971259e-01 -7.761742e-03 8.865160e+01
9.976470e-01 -6.686617e-02 -1.514258e-02 5.138216e+00 -1.577356e-02 -8.918555e-03 -9.998358e-01 -6.007479e-01 6.672014e-02 9.977221e-01 -9.952287e-03 8.868077e+01
9.981659e-01 -5.847127e-02 -1.568414e-02 5.674556e+00 -1.638286e-02 -1.148970e-02 -9.997998e-01 -6.099669e-01 5.827936e-02 9.982229e-01 -1.242655e-02 8.870366e+01
9.985169e-01 -5.206179e-02 -1.592635e-02 6.225347e+00 -1.658373e-02 -1.221955e-02 -9.997878e-01 -6.193277e-01 5.185613e-02 9.985691e-01 -1.306480e-02 8.873291e+01
9.987654e-01 -4.695017e-02 -1.622818e-02 6.770178e+00 -1.691659e-02 -1.430247e-02 -9.997546e-01 -6.330402e-01 4.670654e-02 9.987949e-01 -1.507905e-02 8.876550e+01
9.990136e-01 -4.091934e-02 -1.724610e-02 7.372361e+00 -1.782886e-02 -1.391958e-02 -9.997442e-01 -6.398835e-01 4.066882e-02 9.990655e-01 -1.463539e-02 8.879638e+01
9.991978e-01 -3.603169e-02 -1.747814e-02 7.989560e+00 -1.813100e-02 -1.787246e-02 -9.996759e-01 -6.483799e-01 3.570763e-02 9.991908e-01 -1.851141e-02 8.880970e+01
9.992843e-01 -3.371037e-02 -1.715825e-02 8.602080e+00 -1.780768e-02 -1.906016e-02 -9.996597e-01 -6.679518e-01 3.337186e-02 9.992499e-01 -1.964683e-02 8.882451e+01
9.994078e-01 -3.024484e-02 -1.640876e-02 9.251423e+00 -1.697259e-02 -1.848054e-02 -9.996852e-01 -6.791906e-01 2.993207e-02 9.993716e-01 -1.898293e-02 8.884885e+01
9.994916e-01 -2.758163e-02 -1.599422e-02 9.907980e+00 -1.655143e-02 -2.009385e-02 -9.996611e-01 -6.889440e-01 2.725090e-02 9.994176e-01 -2.054015e-02 8.886755e+01
9.995008e-01 -2.750340e-02 -1.554675e-02 1.057422e+01 -1.622479e-02 -2.460413e-02 -9.995656e-01 -7.042870e-01 2.710894e-02 9.993188e-01 -2.503809e-02 8.887872e+01
9.995131e-01 -2.690797e-02 -1.579303e-02 1.126243e+01 -1.649885e-02 -2.621377e-02 -9.995202e-01 -7.169900e-01 2.648106e-02 9.992942e-01 -2.664495e-02 8.889367e+01
9.994290e-01 -3.021871e-02 -1.511835e-02 1.195758e+01 -1.596129e-02 -2.785073e-02 -9.994847e-01 -7.302583e-01 2.978208e-02 9.991552e-01 -2.831716e-02 8.891045e+01
9.993098e-01 -3.399228e-02 -1.497987e-02 1.268596e+01 -1.598450e-02 -2.947818e-02 -9.994376e-01 -7.451706e-01 3.353159e-02 9.989873e-01 -3.000119e-02 8.893513e+01
9.991808e-01 -3.776123e-02 -1.455507e-02 1.342081e+01 -1.572661e-02 -3.091571e-02 -9.993983e-01 -7.565154e-01 3.728852e-02 9.988084e-01 -3.148424e-02 8.896754e+01
9.989957e-01 -4.286294e-02 -1.304920e-02 1.420089e+01 -1.438948e-02 -3.111064e-02 -9.994124e-01 -7.732835e-01 4.243178e-02 9.985965e-01 -3.169617e-02 8.899232e+01
9.988512e-01 -4.648919e-02 -1.161644e-02 1.498921e+01 -1.315121e-02 -3.284496e-02 -9.993739e-01 -7.854451e-01 4.607854e-02 9.983787e-01 -3.341861e-02 8.903179e+01
9.986792e-01 -5.039346e-02 -1.001875e-02 1.578163e+01 -1.157198e-02 -3.062538e-02 -9.994639e-01 -8.021665e-01 5.005962e-02 9.982598e-01 -3.116808e-02 8.908022e+01
9.984463e-01 -5.506236e-02 -8.546134e-03 1.657458e+01 -1.022007e-02 -3.019126e-02 -9.994919e-01 -8.124083e-01 5.477636e-02 9.980264e-01 -3.070709e-02 8.912675e+01
9.982331e-01 -5.869827e-02 -9.223578e-03 1.736991e+01 -1.091752e-02 -2.860352e-02 -9.995312e-01 -8.224024e-01 5.840693e-02 9.978659e-01 -2.919382e-02 8.917107e+01
9.980288e-01 -6.173084e-02 -1.130686e-02 1.818197e+01 -1.302331e-02 -2.747412e-02 -9.995376e-01 -8.492078e-01 6.139166e-02 9.977146e-01 -2.822390e-02 8.923186e+01
9.978490e-01 -6.323675e-02 -1.727462e-02 1.899622e+01 -1.876126e-02 -2.299122e-02 -9.995596e-01 -8.574379e-01 6.281174e-02 9.977337e-01 -2.412817e-02 8.929830e+01
9.978281e-01 -6.251562e-02 -2.075943e-02 1.981536e+01 -2.189083e-02 -1.746748e-02 -9.996077e-01 -8.749731e-01 6.212848e-02 9.978911e-01 -1.879806e-02 8.936062e+01
9.977382e-01 -6.391041e-02 -2.082797e-02 2.063427e+01 -2.187070e-02 -1.565944e-02 -9.996381e-01 -8.938416e-01 6.356113e-02 9.978328e-01 -1.702179e-02 8.941936e+01
9.977332e-01 -6.440783e-02 -1.949400e-02 2.145941e+01 -2.038596e-02 -1.322065e-02 -9.997048e-01 -9.274786e-01 6.413109e-02 9.978361e-01 -1.450370e-02 8.948603e+01
9.978243e-01 -6.344402e-02 -1.793119e-02 2.228693e+01 -1.883806e-02 -1.372487e-02 -9.997283e-01 -9.472641e-01 6.318068e-02 9.978910e-01 -1.489018e-02 8.954356e+01
9.977731e-01 -6.440456e-02 -1.734486e-02 2.311442e+01 -1.818733e-02 -1.251759e-02 -9.997562e-01 -9.754157e-01 6.417175e-02 9.978454e-01 -1.366106e-02 8.960424e+01
9.977903e-01 -6.410881e-02 -1.745320e-02 2.392456e+01 -1.812323e-02 -9.884732e-03 -9.997869e-01 -9.972601e-01 6.392263e-02 9.978939e-01 -1.102475e-02 8.965825e+01
9.978523e-01 -6.300948e-02 -1.790340e-02 2.475047e+01 -1.853191e-02 -9.404535e-03 -9.997841e-01 -1.018600e+00 6.282750e-02 9.979686e-01 -1.055202e-02 8.971979e+01
9.978511e-01 -6.281662e-02 -1.863251e-02 2.556766e+01 -1.910174e-02 -6.877455e-03 -9.997939e-01 -1.045080e+00 6.267553e-02 9.980014e-01 -8.062582e-03 8.977975e+01
9.980025e-01 -6.037548e-02 -1.859887e-02 2.640017e+01 -1.890226e-02 -4.457839e-03 -9.998114e-01 -1.067774e+00 6.028118e-02 9.981658e-01 -5.590167e-03 8.985507e+01
9.982176e-01 -5.707394e-02 -1.744179e-02 2.721909e+01 -1.758018e-02 -1.923576e-03 -9.998436e-01 -1.092205e+00 5.703146e-02 9.983681e-01 -2.923518e-03 8.990420e+01
9.985356e-01 -5.198490e-02 -1.497488e-02 2.803190e+01 -1.491294e-02 1.579139e-03 -9.998875e-01 -1.109540e+00 5.200270e-02 9.986466e-01 8.015792e-04 8.995536e+01
9.988294e-01 -4.647614e-02 -1.341084e-02 2.884206e+01 -1.329680e-02 2.762129e-03 -9.999078e-01 -1.130220e+00 4.650890e-02 9.989156e-01 2.140912e-03 9.000378e+01
9.991379e-01 -3.935501e-02 -1.321202e-02 2.964825e+01 -1.301686e-02 5.211092e-03 -9.999017e-01 -1.157862e+00 3.941999e-02 9.992117e-01 4.694321e-03 9.004130e+01
9.994467e-01 -3.021760e-02 -1.390091e-02 3.048664e+01 -1.377820e-02 4.265375e-03 -9.998960e-01 -1.178141e+00 3.027375e-02 9.995342e-01 3.846671e-03 9.007251e+01
9.996879e-01 -2.069584e-02 -1.399183e-02 3.127650e+01 -1.392664e-02 3.290798e-03 -9.998976e-01 -1.195807e+00 2.073977e-02 9.997804e-01 3.001547e-03 9.010262e+01
9.998596e-01 -1.096205e-02 -1.267647e-02 3.209767e+01 -1.262264e-02 4.966122e-03 -9.999080e-01 -1.218574e+00 1.102399e-02 9.999276e-01 4.827055e-03 9.011133e+01
9.999321e-01 2.677765e-04 -1.165030e-02 3.289574e+01 -1.165169e-02 5.932146e-03 -9.999145e-01 -1.240019e+00 -1.986423e-04 9.999824e-01 5.934864e-03 9.012119e+01
9.998793e-01 1.106539e-02 -1.090760e-02 3.369223e+01 -1.095503e-02 4.235196e-03 -9.999310e-01 -1.260246e+00 -1.101843e-02 9.999298e-01 4.355907e-03 9.010706e+01
9.996632e-01 2.359431e-02 -1.080828e-02 3.448302e+01 -1.091625e-02 4.452376e-03 -9.999305e-01 -1.281793e+00 -2.354455e-02 9.997117e-01 4.708437e-03 9.008550e+01
9.993445e-01 3.434660e-02 -1.144230e-02 3.527790e+01 -1.163185e-02 5.324011e-03 -9.999182e-01 -1.307548e+00 -3.428287e-02 9.993958e-01 5.720035e-03 9.005868e+01
9.989330e-01 4.446452e-02 -1.248275e-02 3.605200e+01 -1.271794e-02 5.010461e-03 -9.999066e-01 -1.325092e+00 -4.439782e-02 9.989984e-01 5.570612e-03 9.002211e+01
9.983737e-01 5.549558e-02 -1.304465e-02 3.682366e+01 -1.324569e-02 3.256365e-03 -9.999070e-01 -1.340881e+00 -5.544794e-02 9.984536e-01 3.986146e-03 8.999056e+01
9.977766e-01 6.525332e-02 -1.356402e-02 3.759391e+01 -1.381148e-02 3.342657e-03 -9.998990e-01 -1.364191e+00 -6.520139e-02 9.978631e-01 4.236470e-03 8.993482e+01
9.971224e-01 7.454889e-02 -1.376322e-02 3.834710e+01 -1.395753e-02 2.086073e-03 -9.999004e-01 -1.380996e+00 -7.451276e-02 9.972152e-01 3.120589e-03 8.988058e+01
9.964146e-01 8.343314e-02 -1.403097e-02 3.910068e+01 -1.417858e-02 1.176960e-03 -9.998988e-01 -1.401271e+00 -8.340818e-02 9.965127e-01 2.355704e-03 8.982024e+01
9.956744e-01 9.189644e-02 -1.369825e-02 3.982282e+01 -1.367758e-02 -8.547590e-04 -9.999061e-01 -1.418526e+00 -9.189952e-02 9.957682e-01 4.058590e-04 8.975287e+01
9.948834e-01 1.002514e-01 -1.251335e-02 4.056976e+01 -1.248788e-02 -8.816224e-04 -9.999216e-01 -1.446718e+00 -1.002546e-01 9.949617e-01 3.748168e-04 8.968381e+01
9.943056e-01 1.059708e-01 -1.125542e-02 4.129564e+01 -1.094925e-02 -3.470563e-03 -9.999340e-01 -1.461044e+00 -1.060029e-01 9.943632e-01 -2.290499e-03 8.960040e+01
9.938847e-01 1.100340e-01 -9.252192e-03 4.198697e+01 -8.585219e-03 -6.533758e-03 -9.999418e-01 -1.483346e+00 -1.100880e-01 9.939064e-01 -5.549137e-03 8.952755e+01
9.936122e-01 1.125685e-01 -7.953268e-03 4.270173e+01 -7.240434e-03 -6.739864e-03 -9.999511e-01 -1.499192e+00 -1.126165e-01 9.936211e-01 -5.881766e-03 8.944585e+01
9.933267e-01 1.151219e-01 -7.008592e-03 4.341350e+01 -6.045885e-03 -8.709548e-03 -9.999438e-01 -1.516631e+00 -1.151765e-01 9.933132e-01 -7.955412e-03 8.937037e+01
9.932632e-01 1.156489e-01 -7.309800e-03 4.407049e+01 -6.235300e-03 -9.650099e-03 -9.999340e-01 -1.528431e+00 -1.157119e-01 9.932433e-01 -8.863983e-03 8.929329e+01
9.933658e-01 1.146922e-01 -8.371170e-03 4.472361e+01 -7.210661e-03 -1.052960e-02 -9.999186e-01 -1.542980e+00 -1.147710e-01 9.933453e-01 -9.632741e-03 8.922318e+01
9.935501e-01 1.129864e-01 -9.611342e-03 4.536662e+01 -8.370378e-03 -1.145257e-02 -9.998994e-01 -1.557410e+00 -1.130851e-01 9.935305e-01 -1.043296e-02 8.915098e+01
9.941660e-01 1.073771e-01 -1.020173e-02 4.598433e+01 -8.990775e-03 -1.175564e-02 -9.998905e-01 -1.573112e+00 -1.074853e-01 9.941489e-01 -1.072165e-02 8.907616e+01
9.949119e-01 1.001397e-01 -1.105962e-02 4.659900e+01 -1.003971e-02 -1.068309e-02 -9.998925e-01 -1.585751e+00 -1.002471e-01 9.949160e-01 -9.623358e-03 8.901837e+01
9.960172e-01 8.845957e-02 -1.116014e-02 4.717752e+01 -1.032643e-02 -9.876895e-03 -9.998979e-01 -1.601637e+00 -8.856076e-02 9.960308e-01 -8.924087e-03 8.897572e+01
9.971500e-01 7.456009e-02 -1.151726e-02 4.775239e+01 -1.082013e-02 -9.747232e-03 -9.998940e-01 -1.618887e+00 -7.466444e-02 9.971689e-01 -8.912704e-03 8.894815e+01
9.982316e-01 5.796760e-02 -1.316670e-02 4.830732e+01 -1.262610e-02 -9.682344e-03 -9.998734e-01 -1.626628e+00 -5.808775e-02 9.982715e-01 -8.933318e-03 8.891558e+01
9.991822e-01 3.735941e-02 -1.546741e-02 4.883981e+01 -1.514411e-02 -8.921511e-03 -9.998455e-01 -1.645717e+00 -3.749163e-02 9.992621e-01 -8.348441e-03 8.891661e+01
9.997494e-01 1.258968e-02 -1.851187e-02 4.937373e+01 -1.843943e-02 -5.845903e-03 -9.998129e-01 -1.661436e+00 -1.269554e-02 9.999037e-01 -5.612292e-03 8.891360e+01
9.996806e-01 -1.437865e-02 -2.078347e-02 4.990521e+01 -2.083926e-02 -3.741474e-03 -9.997758e-01 -1.676614e+00 1.429767e-02 9.998896e-01 -4.039919e-03 8.893282e+01
9.986145e-01 -4.851340e-02 -2.038095e-02 5.042739e+01 -2.049455e-02 -1.845238e-03 -9.997883e-01 -1.692016e+00 4.846552e-02 9.988208e-01 -2.836942e-03 8.897380e+01
9.960593e-01 -8.665659e-02 -1.888230e-02 5.095615e+01 -1.894863e-02 5.716899e-05 -9.998205e-01 -1.708094e+00 8.664210e-02 9.962382e-01 -1.585079e-03 8.903936e+01
9.915031e-01 -1.292030e-01 -1.510568e-02 5.146040e+01 -1.494012e-02 2.250538e-03 -9.998859e-01 -1.725484e+00 1.292223e-01 9.916156e-01 3.011069e-04 8.912802e+01
9.844894e-01 -1.750702e-01 -1.144525e-02 5.197831e+01 -1.092147e-02 3.955040e-03 -9.999325e-01 -1.736354e+00 1.751036e-01 9.845480e-01 1.981673e-03 8.924508e+01
9.747569e-01 -2.231069e-01 -8.501575e-03 5.246374e+01 -7.372174e-03 5.894568e-03 -9.999555e-01 -1.752607e+00 2.231471e-01 9.747761e-01 4.100988e-03 8.938154e+01
9.621036e-01 -2.725689e-01 -7.927607e-03 5.293166e+01 -5.802453e-03 8.601932e-03 -9.999462e-01 -1.769833e+00 2.726224e-01 9.620978e-01 6.694382e-03 8.953952e+01
9.447079e-01 -3.278279e-01 -7.482002e-03 5.339960e+01 -4.602992e-03 9.557145e-03 -9.999437e-01 -1.774641e+00 3.278809e-01 9.446892e-01 7.519721e-03 8.972491e+01
9.225357e-01 -3.858236e-01 -8.250098e-03 5.385380e+01 -5.616220e-03 7.953229e-03 -9.999526e-01 -1.790504e+00 3.858709e-01 9.225383e-01 5.170268e-03 8.993399e+01
8.957605e-01 -4.443819e-01 -1.173787e-02 5.426423e+01 -1.010402e-02 6.044971e-03 -9.999307e-01 -1.797574e+00 4.444221e-01 8.958170e-01 9.248046e-04 9.017277e+01
8.641359e-01 -5.030290e-01 -1.519712e-02 5.466284e+01 -1.509829e-02 4.270681e-03 -9.998769e-01 -1.816748e+00 5.030320e-01 8.642590e-01 -3.904429e-03 9.043305e+01
8.276440e-01 -5.609170e-01 -1.942956e-02 5.502493e+01 -1.960351e-02 5.706342e-03 -9.997916e-01 -1.825425e+00 5.609110e-01 8.278524e-01 -6.273123e-03 9.071211e+01
7.868443e-01 -6.167541e-01 -2.214815e-02 5.537600e+01 -2.123444e-02 8.810799e-03 -9.997357e-01 -1.826383e+00 6.167862e-01 7.871066e-01 -6.163703e-03 9.101932e+01
7.424063e-01 -6.695473e-01 -2.322305e-02 5.570659e+01 -2.232696e-02 9.917811e-03 -9.997015e-01 -1.834496e+00 6.695778e-01 7.427032e-01 -7.585913e-03 9.135053e+01
6.952117e-01 -7.184539e-01 -2.246216e-02 5.599507e+01 -2.274992e-02 9.241202e-03 -9.996985e-01 -1.847447e+00 7.184449e-01 6.955131e-01 -9.920179e-03 9.170131e+01
6.444977e-01 -7.643512e-01 -1.974796e-02 5.628207e+01 -1.889269e-02 9.900128e-03 -9.997725e-01 -1.861591e+00 7.643728e-01 6.447242e-01 -8.060042e-03 9.208598e+01
5.920894e-01 -8.057392e-01 -1.464269e-02 5.654102e+01 -1.179432e-02 9.503969e-03 -9.998853e-01 -1.878746e+00 8.057860e-01 5.921942e-01 -3.875943e-03 9.248737e+01
5.382103e-01 -8.427243e-01 -1.205885e-02 5.676484e+01 -5.772932e-03 1.062141e-02 -9.999269e-01 -1.883113e+00 8.427908e-01 5.382406e-01 8.515606e-04 9.288758e+01
4.845741e-01 -8.746966e-01 -9.685826e-03 5.697579e+01 5.668860e-04 1.138669e-02 -9.999350e-01 -1.889818e+00 8.747500e-01 4.845371e-01 6.013546e-03 9.332304e+01
4.347284e-01 -9.005125e-01 -9.410433e-03 5.716033e+01 6.287800e-03 1.348441e-02 -9.998893e-01 -1.898527e+00 9.005397e-01 4.346211e-01 1.152430e-02 9.376934e+01
3.893447e-01 -9.210263e-01 -1.101510e-02 5.730379e+01 9.835358e-03 1.611516e-02 -9.998218e-01 -1.909219e+00 9.210396e-01 3.891669e-01 1.533297e-02 9.420764e+01
3.479401e-01 -9.373958e-01 -1.506372e-02 5.744952e+01 1.228585e-02 2.062535e-02 -9.997118e-01 -1.913508e+00 9.374363e-01 3.476547e-01 1.869309e-02 9.465742e+01
3.127706e-01 -9.496126e-01 -2.025781e-02 5.758204e+01 1.182088e-02 2.521783e-02 -9.996121e-01 -1.907285e+00 9.497551e-01 3.124098e-01 1.911265e-02 9.512565e+01
2.821908e-01 -9.590968e-01 -2.239974e-02 5.769236e+01 1.077688e-02 2.651631e-02 -9.995903e-01 -1.895814e+00 9.592978e-01 2.818338e-01 1.781873e-02 9.557973e+01
2.596014e-01 -9.655175e-01 -1.957477e-02 5.781516e+01 1.160741e-02 2.338787e-02 -9.996591e-01 -1.889467e+00 9.656461e-01 2.592857e-01 1.727868e-02 9.607106e+01
2.441578e-01 -9.695947e-01 -1.652459e-02 5.794190e+01 1.165339e-02 1.997272e-02 -9.997326e-01 -1.906454e+00 9.696655e-01 2.439000e-01 1.617556e-02 9.654042e+01
2.312628e-01 -9.727449e-01 -1.687607e-02 5.805045e+01 1.097141e-02 1.995279e-02 -9.997407e-01 -1.907207e+00 9.728295e-01 2.310176e-01 1.528671e-02 9.703359e+01
2.215909e-01 -9.748724e-01 -2.283030e-02 5.814135e+01 1.071590e-02 2.584534e-02 -9.996085e-01 -1.896728e+00 9.750808e-01 2.212595e-01 1.617373e-02 9.754112e+01
2.149076e-01 -9.761930e-01 -2.935962e-02 5.823033e+01 9.908437e-03 3.223985e-02 -9.994311e-01 -1.891334e+00 9.765841e-01 2.144944e-01 1.660113e-02 9.806322e+01
2.123123e-01 -9.765290e-01 -3.625785e-02 5.833531e+01 6.871076e-03 3.859465e-02 -9.992313e-01 -1.883115e+00 9.771777e-01 2.119000e-01 1.490392e-02 9.857866e+01
2.109739e-01 -9.767467e-01 -3.815538e-02 5.844611e+01 4.051162e-03 3.990733e-02 -9.991952e-01 -1.890212e+00 9.774833e-01 2.106496e-01 1.237637e-02 9.910269e+01
2.129334e-01 -9.764066e-01 -3.590965e-02 5.856094e+01 1.191388e-03 3.701194e-02 -9.993141e-01 -1.887993e+00 9.770660e-01 2.127446e-01 9.044357e-03 9.965328e+01
2.162515e-01 -9.757140e-01 -3.489254e-02 5.868949e+01 -4.646338e-03 3.470931e-02 -9.993867e-01 -1.893739e+00 9.763266e-01 2.162810e-01 2.972443e-03 1.002150e+02
2.209471e-01 -9.746037e-01 -3.646982e-02 5.883279e+01 -9.322345e-03 3.528181e-02 -9.993339e-01 -1.904464e+00 9.752412e-01 2.211399e-01 -1.290180e-03 1.007767e+02
2.256922e-01 -9.733402e-01 -4.088833e-02 5.895486e+01 -9.460045e-03 3.977959e-02 -9.991637e-01 -1.909209e+00 9.741527e-01 2.258903e-01 -2.298973e-04 1.013645e+02
2.315825e-01 -9.719366e-01 -4.133722e-02 5.907695e+01 -6.710920e-03 4.089523e-02 -9.991409e-01 -1.909887e+00 9.727921e-01 2.316610e-01 2.948032e-03 1.019507e+02
2.360242e-01 -9.709539e-01 -3.925704e-02 5.922491e+01 -1.866209e-03 3.994543e-02 -9.992001e-01 -1.915281e+00 9.717454e-01 2.359087e-01 7.616085e-03 1.025596e+02
2.398713e-01 -9.700838e-01 -3.740628e-02 5.937162e+01 3.548495e-03 3.940708e-02 -9.992169e-01 -1.913449e+00 9.707982e-01 2.395508e-01 1.289497e-02 1.031770e+02
2.429735e-01 -9.694476e-01 -3.369197e-02 5.953291e+01 8.234166e-03 3.679280e-02 -9.992890e-01 -1.910828e+00 9.699979e-01 2.425233e-01 1.692227e-02 1.037964e+02
2.460934e-01 -9.687339e-01 -3.150710e-02 5.969818e+01 9.234454e-03 3.484874e-02 -9.993500e-01 -1.908887e+00 9.692021e-01 2.456425e-01 1.752177e-02 1.044309e+02
2.474723e-01 -9.685054e-01 -2.747053e-02 5.986926e+01 7.198328e-03 3.018949e-02 -9.995183e-01 -1.911056e+00 9.688683e-01 2.471553e-01 1.444268e-02 1.050924e+02
2.461043e-01 -9.689367e-01 -2.437715e-02 6.003717e+01 8.068222e-04 2.535549e-02 -9.996782e-01 -1.914615e+00 9.692430e-01 2.460054e-01 7.021856e-03 1.057348e+02
2.458896e-01 -9.689368e-01 -2.645332e-02 6.019481e+01 -6.033238e-03 2.576076e-02 -9.996499e-01 -1.919588e+00 9.692791e-01 2.459632e-01 4.884765e-04 1.064006e+02
2.444214e-01 -9.691173e-01 -3.270677e-02 6.035870e+01 -9.875215e-03 3.124028e-02 -9.994631e-01 -1.914130e+00 9.696188e-01 2.446132e-01 -1.934450e-03 1.070700e+02
2.411344e-01 -9.700549e-01 -2.911348e-02 6.052235e+01 -7.697875e-03 2.808594e-02 -9.995759e-01 -1.925984e+00 9.704612e-01 2.412563e-01 -6.948737e-04 1.077637e+02
2.409486e-01 -9.701989e-01 -2.564661e-02 6.070161e+01 -2.923303e-04 2.635260e-02 -9.996527e-01 -1.932029e+00 9.705378e-01 2.408725e-01 6.066004e-03 1.084797e+02
2.374444e-01 -9.711171e-01 -2.348931e-02 6.087203e+01 6.002429e-03 2.564717e-02 -9.996530e-01 -1.935511e+00 9.713826e-01 2.372210e-01 1.191884e-02 1.091788e+02
2.363779e-01 -9.713231e-01 -2.562854e-02 6.103553e+01 6.070786e-03 2.785182e-02 -9.995936e-01 -1.936668e+00 9.716423e-01 2.361262e-01 1.248025e-02 1.099221e+02
2.347491e-01 -9.716247e-01 -2.895449e-02 6.120033e+01 2.073815e-03 3.028738e-02 -9.995391e-01 -1.943426e+00 9.720538e-01 2.345808e-01 9.124906e-03 1.106595e+02
2.305951e-01 -9.723815e-01 -3.605683e-02 6.136792e+01 -3.172466e-03 3.630398e-02 -9.993358e-01 -1.935103e+00 9.730446e-01 2.305563e-01 5.286672e-03 1.114035e+02
2.268883e-01 -9.733066e-01 -3.458286e-02 6.154062e+01 -6.330795e-03 3.403424e-02 -9.994006e-01 -1.943524e+00 9.739002e-01 2.269712e-01 1.560165e-03 1.121517e+02
2.235857e-01 -9.741369e-01 -3.266162e-02 6.171965e+01 -4.982659e-03 3.236716e-02 -9.994636e-01 -1.949794e+00 9.746715e-01 2.236285e-01 2.383042e-03 1.129435e+02
