0.000000e+00 -1.000000e+00 0.000000e+00 0.000000e+00 0.000000e+00 0.000000e+00 -1.000000e+00 0.000000e+00 1.000000e+00 0.000000e+00 0.000000e+00 0.000000e+00
1.615530e-02 -9.998668e-01 2.316758e-03 -2.989984e-02 -2.922677e-03 -2.364273e-03 -9.999929e-01 8.796044e-03 9.998652e-01 1.614841e-02 -2.960483e-03 2.380149e-01
4.454377e-02 -9.990060e-01 1.656764e-03 -8.931744e-02 -5.610066e-03 -1.908525e-03 -9.999824e-01 4.320132e-03 9.989917e-01 4.453370e-02 -5.689503e-03 7.184989e-01
8.871724e-02 -9.960569e-01 4.467147e-05 -9.988780e-02 -7.574629e-03 -7.195075e-04 -9.999710e-01 5.917671e-03 9.960281e-01 8.871433e-02 -7.608593e-03 1.601614e+00
1.405448e-01 -9.900725e-01 1.902505e-03 4.422002e-02 -7.389055e-03 -2.970427e-03 -9.999683e-01 -2.620212e-02 9.900467e-01 1.405263e-01 -7.733178e-03 2.688234e+00
1.948538e-01 -9.808246e-01 3.871661e-03 2.927304e-01 -8.262165e-03 -5.588545e-03 -9.999502e-01 -4.712098e-02 9.807975e-01 1.948121e-01 -9.192684e-03 3.860628e+00
2.449682e-01 -9.695066e-01 6.897574e-03 5.566158e-01 -1.042419e-02 -9.747707e-03 -9.998981e-01 -7.052114e-02 9.694751e-01 2.448714e-01 -1.249420e-02 4.974581e+00
2.883428e-01 -9.574893e-01 8.530149e-03 7.800792e-01 -1.114706e-02 -1.226452e-02 -9.998627e-01 -1.133449e-01 9.574624e-01 2.882081e-01 -1.420957e-02 5.904604e+00
3.326060e-01 -9.430245e-01 8.834060e-03 1.083693e+00 -1.224691e-02 -1.368572e-02 -9.998313e-01 -1.197247e-01 9.429864e-01 3.324417e-01 -1.610109e-02 6.908683e+00
3.772732e-01 -9.260513e-01 9.690140e-03 1.460012e+00 -1.095461e-02 -1.492505e-02 -9.998286e-01 -1.390228e-01 9.260372e-01 3.771024e-01 -1.577535e-02 7.866300e+00
4.200418e-01 -9.074530e-01 9.691956e-03 1.875765e+00 -1.020036e-02 -1.540011e-02 -9.998294e-01 -1.722757e-01 9.074475e-01 4.198712e-01 -1.572504e-02 8.759712e+00
4.627581e-01 -8.864304e-01 9.800165e-03 2.283623e+00 -9.657811e-03 -1.609564e-02 -9.998238e-01 -1.885538e-01 8.864320e-01 4.625820e-01 -1.600937e-02 9.655658e+00
5.033027e-01 -8.640559e-01 9.684515e-03 2.746441e+00 -9.468485e-03 -1.672142e-02 -9.998153e-01 -2.118751e-01 8.640583e-01 5.031180e-01 -1.659724e-02 1.048982e+01
5.431400e-01 -8.395647e-01 1.140488e-02 3.253721e+00 -8.505012e-03 -1.908347e-02 -9.997817e-01 -2.468796e-01 8.395991e-01 5.429245e-01 -1.750550e-02 1.131181e+01
5.816337e-01 -8.133734e-01 1.121667e-02 3.761244e+00 -8.974154e-03 -2.020424e-02 -9.997556e-01 -2.539353e-01 8.134013e-01 5.813909e-01 -1.905081e-02 1.213993e+01
6.190770e-01 -7.851855e-01 1.508016e-02 4.357768e+00 -6.997158e-03 -2.471641e-02 -9.996700e-01 -2.745948e-01 7.852992e-01 6.187671e-01 -2.079543e-02 1.290690e+01
6.551875e-01 -7.553265e-01 1.453295e-02 4.992732e+00 -6.533308e-03 -2.490139e-02 -9.996685e-01 -3.006907e-01 7.554381e-01 6.548754e-01 -2.124986e-02 1.364029e+01
6.895539e-01 -7.240952e-01 1.419910e-02 5.596105e+00 -7.232377e-03 -2.648942e-02 -9.996229e-01 -3.079509e-01 7.241982e-01 6.891912e-01 -2.350281e-02 1.437285e+01
7.232941e-01 -6.903719e-01 1.524083e-02 6.327976e+00 -7.368704e-03 -2.978597e-02 -9.995291e-01 -3.365588e-01 6.905007e-01 7.228413e-01 -2.663117e-02 1.503026e+01
7.548820e-01 -6.557003e-01 1.450143e-02 7.058040e+00 -7.283723e-03 -3.049054e-02 -9.995085e-01 -3.520053e-01 6.558203e-01 7.544053e-01 -2.779270e-02 1.568826e+01
7.848583e-01 -6.195141e-01 1.413123e-02 7.791831e+00 -7.964091e-03 -3.288678e-02 -9.994274e-01 -3.726111e-01 6.196240e-01 7.842963e-01 -3.074533e-02 1.627951e+01
8.122432e-01 -5.831543e-01 1.385729e-02 8.506229e+00 -9.452092e-03 -3.691069e-02 -9.992738e-01 -3.959793e-01 5.832423e-01 8.115225e-01 -3.549249e-02 1.684846e+01
8.381566e-01 -5.452746e-01 1.300836e-02 9.291564e+00 -9.680679e-03 -3.871797e-02 -9.992033e-01 -4.052174e-01 5.453438e-01 8.373628e-01 -3.773034e-02 1.739845e+01
8.606297e-01 -5.090051e-01 1.517845e-02 1.006413e+01 -7.781736e-03 -4.294884e-02 -9.990470e-01 -4.198195e-01 5.091719e-01 8.596913e-01 -4.092399e-02 1.790709e+01
8.809912e-01 -4.728639e-01 1.594480e-02 1.095295e+01 -6.669571e-03 -4.610909e-02 -9.989141e-01 -4.443439e-01 4.730856e-01 8.799282e-01 -4.377550e-02 1.837595e+01
8.996001e-01 -4.364935e-01 1.389253e-02 1.191880e+01 -7.298271e-03 -4.683333e-02 -9.988760e-01 -4.543298e-01 4.366536e-01 8.984876e-01 -4.531692e-02 1.883512e+01
9.145306e-01 -4.042497e-01 1.469269e-02 1.284149e+01 -5.213933e-03 -4.809846e-02 -9.988290e-01 -4.690993e-01 4.044831e-01 9.133831e-01 -4.609524e-02 1.917829e+01
9.282772e-01 -3.715162e-01 1.664673e-02 1.372315e+01 -2.127129e-03 -5.006615e-02 -9.987437e-01 -4.764046e-01 3.718829e-01 9.270756e-01 -4.726553e-02 1.957317e+01
9.404435e-01 -3.395275e-01 1.694741e-02 1.466330e+01 -3.529287e-04 -5.082775e-02 -9.987074e-01 -4.893000e-01 3.399500e-01 9.392218e-01 -4.792045e-02 1.988742e+01
9.513160e-01 -3.078681e-01 1.466723e-02 1.560206e+01 -1.273599e-04 -4.797994e-02 -9.988483e-01 -4.994168e-01 3.082172e-01 9.502185e-01 -4.568330e-02 2.021770e+01
9.608423e-01 -2.767839e-01 1.314693e-02 1.653276e+01 -8.920020e-05 -4.775434e-02 -9.988591e-01 -4.952596e-01 2.770960e-01 9.597449e-01 -4.590908e-02 2.054789e+01
9.691488e-01 -2.461358e-01 1.295153e-02 1.755210e+01 8.297825e-04 -4.928824e-02 -9.987842e-01 -5.071549e-01 2.464749e-01 9.679813e-01 -4.756340e-02 2.081857e+01
9.763817e-01 -2.156388e-01 1.337025e-02 1.857141e+01 2.508616e-03 -5.056482e-02 -9.987176e-01 -5.180624e-01 2.160384e-01 9.751631e-01 -4.882961e-02 2.105703e+01
9.826578e-01 -1.849159e-01 1.377010e-02 1.959424e+01 4.674644e-03 -4.953315e-02 -9.987615e-01 -5.223399e-01 1.853690e-01 9.815053e-01 -4.780973e-02 2.129025e+01
9.875808e-01 -1.564735e-01 1.415117e-02 2.066620e+01 6.452888e-03 -4.959757e-02 -9.987484e-01 -5.110245e-01 1.569796e-01 9.864361e-01 -4.797190e-02 2.143139e+01
9.915505e-01 -1.289181e-01 1.441375e-02 2.172153e+01 7.768877e-03 -5.189848e-02 -9.986221e-01 -5.090049e-01 1.294885e-01 9.902962e-01 -5.045842e-02 2.161137e+01
9.944302e-01 -1.043633e-01 1.472293e-02 2.280527e+01 8.935973e-03 -5.570238e-02 -9.984074e-01 -5.096965e-01 1.050172e-01 9.929781e-01 -5.445955e-02 2.173531e+01
9.965316e-01 -8.188676e-02 1.480960e-02 2.389837e+01 9.923706e-03 -5.975475e-02 -9.981638e-01 -4.980898e-01 8.262134e-02 9.948487e-01 -5.873488e-02 2.180352e+01
9.980116e-01 -6.100063e-02 1.586879e-02 2.500119e+01 1.190495e-02 -6.480318e-02 -9.978271e-01 -4.984284e-01 6.189643e-02 9.960319e-01 -6.394812e-02 2.190023e+01
9.989476e-01 -4.280972e-02 1.646160e-02 2.611834e+01 1.347779e-02 -6.907713e-02 -9.975203e-01 -4.866872e-01 4.384068e-02 9.966924e-01 -6.842745e-02 2.193272e+01
9.995165e-01 -2.642106e-02 1.638976e-02 2.726092e+01 1.445747e-02 -7.173589e-02 -9.973189e-01 -4.727958e-01 2.752595e-02 9.970737e-01 -7.131922e-02 2.197296e+01
9.997798e-01 -1.217277e-02 1.709464e-02 2.839209e+01 1.615052e-02 -7.383548e-02 -9.971396e-01 -4.658760e-01 1.340014e-02 9.971961e-01 -7.362263e-02 2.201805e+01
9.998333e-01 8.179549e-04 1.824231e-02 2.954673e+01 1.825248e-02 -7.462233e-02 -9.970448e-01 -4.546741e-01 5.457459e-04 9.972115e-01 -7.462481e-02 2.201443e+01
9.997404e-01 1.353141e-02 1.832867e-02 3.071778e+01 1.929096e-02 -7.479133e-02 -9.970126e-01 -4.402028e-01 -1.212016e-02 9.971074e-01 -7.503296e-02 2.199782e+01
9.995750e-01 2.450422e-02 1.579366e-02 3.189132e+01 1.758072e-02 -7.451544e-02 -9.970649e-01 -4.236616e-01 -2.325543e-02 9.969187e-01 -7.491457e-02 2.200127e+01
9.993382e-01 3.401621e-02 1.289054e-02 3.309331e+01 1.541182e-02 -7.493051e-02 -9.970697e-01 -4.050407e-01 -3.295063e-02 9.966084e-01 -7.540517e-02 2.193073e+01
9.989868e-01 4.373432e-02 1.061344e-02 3.428826e+01 1.390197e-02 -7.558913e-02 -9.970421e-01 -3.913668e-01 -4.280270e-02 9.961795e-01 -7.612053e-02 2.188149e+01
9.986537e-01 5.095620e-02 9.713697e-03 3.549225e+01 1.355538e-02 -7.559682e-02 -9.970464e-01 -3.752606e-01 -5.007137e-02 9.958356e-01 -7.618576e-02 2.184630e+01
9.982867e-01 5.775334e-02 9.387851e-03 3.673811e+01 1.374515e-02 -7.551853e-02 -9.970496e-01 -3.505937e-01 -5.687399e-02 9.954705e-01 -7.618298e-02 2.176162e+01
9.979060e-01 6.408543e-02 8.760549e-03 3.801752e+01 1.361967e-02 -7.578325e-02 -9.970313e-01 -3.344231e-01 -6.323128e-02 9.950628e-01 -7.649738e-02 2.167295e+01
9.976799e-01 6.768579e-02 7.312270e-03 3.929053e+01 1.240848e-02 -7.518099e-02 -9.970927e-01 -3.133438e-01 -6.693926e-02 9.948701e-01 -7.584644e-02 2.159909e+01
9.974176e-01 7.154618e-02 6.270722e-03 4.063911e+01 1.166914e-02 -7.528713e-02 -9.970936e-01 -2.985307e-01 -7.086614e-02 9.945919e-01 -7.592759e-02 2.150097e+01
9.971756e-01 7.482143e-02 6.523626e-03 4.199830e+01 1.218188e-02 -7.541846e-02 -9.970776e-01 -2.878802e-01 -7.411078e-02 9.943409e-01 -7.611692e-02 2.141876e+01
9.968502e-01 7.885397e-02 8.471328e-03 4.336355e+01 1.447836e-02 -7.592229e-02 -9.970086e-01 -2.744943e-01 -7.797493e-02 9.939909e-01 -7.682482e-02 2.129600e+01
9.966105e-01 8.174486e-02 9.233011e-03 4.474044e+01 1.550500e-02 -7.642751e-02 -9.969546e-01 -2.573798e-01 -8.079025e-02 9.937186e-01 -7.743592e-02 2.120191e+01
9.963840e-01 8.442584e-02 9.549215e-03 4.616926e+01 1.612866e-02 -7.759669e-02 -9.968544e-01 -2.375460e-01 -8.341928e-02 9.934037e-01 -7.867778e-02 2.107975e+01
9.963927e-01 8.443963e-02 8.452824e-03 4.760470e+01 1.509489e-02 -7.833473e-02 -9.968128e-01 -2.112871e-01 -8.350835e-02 9.933447e-01 -7.932676e-02 2.096710e+01
9.964036e-01 8.433526e-02 8.212200e-03 4.907604e+01 1.491245e-02 -7.912807e-02 -9.967529e-01 -1.956246e-01 -8.341160e-02 9.932907e-01 -8.010114e-02 2.084100e+01
9.964499e-01 8.385129e-02 7.511996e-03 5.055462e+01 1.418329e-02 -7.925134e-02 -9.967538e-01 -1.542943e-01 -8.298375e-02 9.933218e-01 -8.015928e-02 2.071033e+01
9.964840e-01 8.350452e-02 6.826974e-03 5.205267e+01 1.342702e-02 -7.873403e-02 -9.968053e-01 -1.397605e-01 -8.270023e-02 9.933922e-01 -7.957842e-02 2.059349e+01
9.965526e-01 8.267697e-02 6.882587e-03 5.354556e+01 1.345599e-02 -7.921513e-02 -9.967667e-01 -1.270747e-01 -8.186445e-02 9.934231e-01 -8.005455e-02 2.047859e+01
9.967160e-01 8.065849e-02 7.167615e-03 5.506521e+01 1.360029e-02 -7.948767e-02 -9.967431e-01 -1.112793e-01 -7.982605e-02 9.935673e-01 -8.032362e-02 2.035926e+01
9.968489e-01 7.901280e-02 7.012703e-03 5.662729e+01 1.328770e-02 -7.917399e-02 -9.967722e-01 -8.879496e-02 -7.820255e-02 9.937245e-01 -7.997441e-02 2.025185e+01
9.968688e-01 7.882676e-02 6.235626e-03 5.820739e+01 1.253483e-02 -7.967176e-02 -9.967424e-01 -6.299061e-02 -7.807317e-02 9.936996e-01 -8.041038e-02 2.014052e+01
9.969782e-01 7.743625e-02 6.174175e-03 5.979802e+01 1.243334e-02 -8.061037e-02 -9.966682e-01 -4.742522e-02 -7.668053e-02 9.937332e-01 -8.132958e-02 2.001815e+01
9.970207e-01 7.687007e-02 6.385779e-03 6.140248e+01 1.261579e-02 -8.083547e-02 -9.966476e-01 -2.578820e-02 -7.609618e-02 9.937589e-01 -8.156441e-02 1.990709e+01
9.971667e-01 7.476600e-02 8.283141e-03 6.305318e+01 1.440751e-02 -8.175019e-02 -9.965487e-01 -5.791347e-03 -7.383081e-02 9.938445e-01 -8.259577e-02 1.977135e+01
9.972481e-01 7.351657e-02 9.570497e-03 6.471047e+01 1.567761e-02 -8.294903e-02 -9.964305e-01 1.570749e-02 -7.246029e-02 9.938384e-01 -8.387333e-02 1.964343e+01
9.972286e-01 7.385912e-02 8.946342e-03 6.637052e+01 1.519651e-02 -8.449986e-02 -9.963076e-01 3.668742e-02 -7.283044e-02 9.936823e-01 -8.538807e-02 1.952473e+01
9.972991e-01 7.295412e-02 8.495595e-03 6.805714e+01 1.478570e-02 -8.611802e-02 -9.961752e-01 5.573893e-02 -7.194346e-02 9.936103e-01 -8.696410e-02 1.938535e+01
9.973679e-01 7.199237e-02 8.631432e-03 6.975693e+01 1.486507e-02 -8.650673e-02 -9.961404e-01 7.917832e-02 -7.096783e-02 9.936467e-01 -8.734920e-02 1.927571e+01
9.973017e-01 7.282361e-02 9.279028e-03 7.143519e+01 1.549435e-02 -8.525281e-02 -9.962389e-01 8.780864e-02 -7.175864e-02 9.936945e-01 -8.615112e-02 1.916641e+01
9.973594e-01 7.191557e-02 1.011743e-02 7.318553e+01 1.623612e-02 -8.501326e-02 -9.962475e-01 1.188292e-01 -7.078559e-02 9.937811e-01 -8.595641e-02 1.905324e+01
9.973260e-01 7.238312e-02 1.007902e-02 7.493253e+01 1.634836e-02 -8.655050e-02 -9.961133e-01 1.401770e-01 -7.122944e-02 9.936144e-01 -8.750241e-02 1.893596e+01
9.973283e-01 7.233158e-02 1.021824e-02 7.670164e+01 1.654672e-02 -8.744200e-02 -9.960322e-01 1.620699e-01 -7.115108e-02 9.935402e-01 -8.840522e-02 1.880252e+01
9.973105e-01 7.269531e-02 9.342659e-03 7.844985e+01 1.588541e-02 -8.995187e-02 -9.958194e-01 1.795900e-01 -7.155102e-02 9.932895e-01 -9.086474e-02 1.867877e+01
9.972298e-01 7.390077e-02 8.456565e-03 8.021276e+01 1.504893e-02 -8.910971e-02 -9.959081e-01 2.094821e-01 -7.284482e-02 9.932765e-01 -8.997498e-02 1.856190e+01
9.971453e-01 7.507240e-02 8.087181e-03 8.201611e+01 1.475864e-02 -8.874262e-02 -9.959452e-01 2.315092e-01 -7.405032e-02 9.932215e-01 -8.959725e-02 1.842607e+01
9.971007e-01 7.569956e-02 7.726965e-03 8.383542e+01 1.442154e-02 -8.829306e-02 -9.959902e-01 2.446012e-01 -7.471378e-02 9.932140e-01 -8.912878e-02 1.829504e+01
9.969558e-01 7.753377e-02 8.230523e-03 8.565303e+01 1.504852e-02 -8.776667e-02 -9.960274e-01 2.694186e-01 -7.650339e-02 9.931191e-01 -8.866625e-02 1.817468e+01
9.969183e-01 7.797874e-02 8.564282e-03 8.749649e+01 1.543458e-02 -8.793330e-02 -9.960068e-01 2.904498e-01 -7.691427e-02 9.930695e-01 -8.886588e-02 1.804900e+01
9.968922e-01 7.821626e-02 9.393225e-03 8.934980e+01 1.605250e-02 -8.495104e-02 -9.962558e-01 3.153878e-01 -7.712545e-02 9.933104e-01 -8.594260e-02 1.792117e+01
9.967743e-01 7.970252e-02 9.407795e-03 9.122743e+01 1.611054e-02 -8.387629e-02 -9.963459e-01 3.321801e-01 -7.862218e-02 9.932836e-01 -8.488978e-02 1.778706e+01
9.966544e-01 8.130967e-02 8.288786e-03 9.310143e+01 1.504245e-02 -8.280370e-02 -9.964523e-01 3.632383e-01 -8.033486e-02 9.932433e-01 -8.374977e-02 1.764981e+01
9.963136e-01 8.541556e-02 7.957683e-03 9.498249e+01 1.512251e-02 -8.356587e-02 -9.963875e-01 3.770792e-01 -8.444200e-02 9.928348e-01 -8.454951e-02 1.748545e+01
9.958950e-01 9.013290e-02 8.323616e-03 9.688885e+01 1.573418e-02 -8.182267e-02 -9.965227e-01 3.973823e-01 -8.913842e-02 9.925629e-01 -8.290495e-02 1.734070e+01
9.954605e-01 9.477651e-02 8.708304e-03 9.881718e+01 1.638030e-02 -8.047403e-02 -9.966221e-01 4.231058e-01 -9.375557e-02 9.922405e-01 -8.166118e-02 1.718389e+01
9.948677e-01 1.008677e-01 8.001863e-03 1.007886e+02 1.616557e-02 -8.037927e-02 -9.966332e-01 4.467072e-01 -9.988496e-02 9.916475e-01 -8.159732e-02 1.700412e+01
9.944206e-01 1.052688e-01 6.797748e-03 1.027280e+02 1.531798e-02 -8.034234e-02 -9.966496e-01 4.623255e-01 -1.043699e-01 9.911930e-01 -8.150658e-02 1.682655e+01
9.939331e-01 1.098408e-01 5.647829e-03 1.046976e+02 1.445233e-02 -7.952690e-02 -9.967279e-01 4.836772e-01 -1.090323e-01 9.907626e-01 -8.063187e-02 1.660948e+01
9.933534e-01 1.149892e-01 5.157466e-03 1.066582e+02 1.429112e-02 -7.874833e-02 -9.967921e-01 5.048177e-01 -1.142142e-01 9.902405e-01 -7.986824e-02 1.642053e+01
9.928691e-01 1.190642e-01 5.876629e-03 1.086482e+02 1.518270e-02 -7.740454e-02 -9.968842e-01 5.196813e-01 -1.182384e-01 9.898648e-01 -7.866029e-02 1.621984e+01
9.920784e-01 1.254648e-01 6.239636e-03 1.106342e+02 1.571831e-02 -7.470118e-02 -9.970821e-01 5.427729e-01 -1.246326e-01 9.892817e-01 -7.608153e-02 1.600220e+01
9.913864e-01 1.307659e-01 7.303292e-03 1.126256e+02 1.705998e-02 -7.364798e-02 -9.971384e-01 5.606295e-01 -1.298538e-01 9.886740e-01 -7.524447e-02 1.576376e+01
9.905466e-01 1.369899e-01 7.155441e-03 1.145735e+02 1.733956e-02 -7.329390e-02 -9.971597e-01 5.888278e-01 -1.360763e-01 9.878572e-01 -7.497637e-02 1.548416e+01
9.896438e-01 1.434177e-01 6.042446e-03 1.165651e+02 1.677306e-02 -7.373018e-02 -9.971372e-01 6.036670e-01 -1.425616e-01 9.869120e-01 -7.537217e-02 1.519651e+01
9.888389e-01 1.489054e-01 4.978502e-03 1.185890e+02 1.605920e-02 -7.330488e-02 -9.971803e-01 6.319429e-01 -1.481206e-01 9.861306e-01 -7.487801e-02 1.492328e+01
9.880096e-01 1.543023e-01 5.274730e-03 1.206243e+02 1.696039e-02 -7.451428e-02 -9.970757e-01 6.520137e-01 -1.534580e-01 9.852098e-01 -7.623786e-02 1.463641e+01
9.869968e-01 1.606325e-01 5.866982e-03 1.226456e+02 1.792339e-02 -7.371022e-02 -9.971187e-01 6.735010e-01 -1.597372e-01 9.842581e-01 -7.563083e-02 1.435339e+01
9.861988e-01 1.654853e-01 5.160932e-03 1.246689e+02 1.751840e-02 -7.330180e-02 -9.971559e-01 6.934862e-01 -1.646363e-01 9.834843e-01 -7.518918e-02 1.402564e+01
9.853601e-01 1.704201e-01 4.743138e-03 1.267074e+02 1.724431e-02 -7.194997e-02 -9.972591e-01 7.173799e-01 -1.696117e-01 9.827412e-01 -7.383540e-02 1.369358e+01
9.846547e-01 1.744397e-01 5.090157e-03 1.287485e+02 1.819550e-02 -7.361159e-02 -9.971210e-01 7.463769e-01 -1.735628e-01 9.819125e-01 -7.565602e-02 1.334197e+01
9.838982e-01 1.786411e-01 5.625774e-03 1.308034e+02 1.929429e-02 -7.486898e-02 -9.970067e-01 7.698464e-01 -1.776852e-01 9.810616e-01 -7.711022e-02 1.295506e+01
9.830039e-01 1.835111e-01 5.200316e-03 1.328816e+02 1.940027e-02 -7.566906e-02 -9.969442e-01 8.023700e-01 -1.825568e-01 9.801009e-01 -7.794314e-02 1.257632e+01
9.823373e-01 1.870507e-01 5.045724e-03 1.349493e+02 1.951163e-02 -7.557670e-02 -9.969491e-01 8.363737e-01 -1.860987e-01 9.794387e-01 -7.789148e-02 1.220296e+01
9.816545e-01 1.905831e-01 5.711863e-03 1.370453e+02 2.020930e-02 -7.421228e-02 -9.970376e-01 8.682806e-01 -1.895946e-01 9.788619e-01 -7.670237e-02 1.182715e+01
9.810910e-01 1.934795e-01 5.111582e-03 1.391278e+02 1.980117e-02 -7.406581e-02 -9.970568e-01 8.999476e-01 -1.925315e-01 9.783046e-01 -7.649642e-02 1.145564e+01
9.808250e-01 1.948357e-01 4.619422e-03 1.411927e+02 1.915208e-02 -7.277164e-02 -9.971647e-01 9.299511e-01 -1.939471e-01 9.781326e-01 -7.510775e-02 1.105101e+01
9.798587e-01 1.996285e-01 5.040158e-03 1.433017e+02 1.980074e-02 -7.201301e-02 -9.972071e-01 9.635388e-01 -1.987080e-01 9.772218e-01 -7.451537e-02 1.063912e+01
9.786421e-01 2.055215e-01 4.535226e-03 1.454078e+02 1.973778e-02 -7.198100e-02 -9.972107e-01 9.834164e-01 -2.046218e-01 9.760019e-01 -7.450017e-02 1.022166e+01
9.775378e-01 2.107264e-01 3.786765e-03 1.475462e+02 1.940728e-02 -7.210847e-02 -9.972079e-01 1.017419e+00 -2.098650e-01 9.748819e-01 -7.457837e-02 9.788070e+00
9.761364e-01 2.171283e-01 3.592094e-03 1.496872e+02 1.976190e-02 -7.234585e-02 -9.971838e-01 1.040833e+00 -2.162569e-01 9.734585e-01 -7.491029e-02 9.340603e+00
9.751765e-01 2.213875e-01 4.284291e-03 1.518351e+02 2.084605e-02 -7.252670e-02 -9.971486e-01 1.077484e+00 -2.204455e-01 9.724852e-01 -7.534139e-02 8.902573e+00
9.742964e-01 2.252282e-01 4.344089e-03 1.539638e+02 2.118850e-02 -7.242512e-02 -9.971488e-01 1.116461e+00 -2.242714e-01 9.716104e-01 -7.533578e-02 8.439394e+00
9.734702e-01 2.287695e-01 4.509332e-03 1.561542e+02 2.163728e-02 -7.241705e-02 -9.971397e-01 1.149394e+00 -2.277886e-01 9.707834e-01 -7.544579e-02 7.939732e+00
9.727662e-01 2.317554e-01 3.933263e-03 1.582559e+02 2.132502e-02 -7.258630e-02 -9.971341e-01 1.187683e+00 -2.308057e-01 9.700622e-01 -7.555168e-02 7.431635e+00
9.716381e-01 2.364578e-01 2.641306e-03 1.603774e+02 2.041805e-02 -7.276226e-02 -9.971403e-01 1.217098e+00 -2.355894e-01 9.689135e-01 -7.552660e-02 6.931545e+00
9.708976e-01 2.394884e-01 1.800346e-03 1.625415e+02 1.995386e-02 -7.339820e-02 -9.971031e-01 1.249417e+00 -2.386625e-01 9.681209e-01 -7.604086e-02 6.428464e+00
9.702705e-01 2.420221e-01 7.577564e-04 1.647008e+02 1.899873e-02 -7.304417e-02 -9.971477e-01 1.274883e+00 -2.412765e-01 9.675174e-01 -7.547072e-02 5.927520e+00
9.690235e-01 2.469679e-01 5.102502e-04 1.668726e+02 1.919478e-02 -7.325410e-02 -9.971286e-01 1.306564e+00 -2.462213e-01 9.662508e-01 -7.572544e-02 5.389203e+00
9.680756e-01 2.506584e-01 2.222390e-04 1.690241e+02 1.928037e-02 -7.357927e-02 -9.971030e-01 1.334915e+00 -2.499159e-01 9.652753e-01 -7.606308e-02 4.875001e+00
9.671522e-01 2.541975e-01 4.674488e-04 1.712047e+02 1.989419e-02 -7.385844e-02 -9.970703e-01 1.367775e+00 -2.534183e-01 9.643281e-01 -7.648940e-02 4.320466e+00
9.662089e-01 2.577595e-01 5.624203e-04 1.733970e+02 2.063318e-02 -7.516793e-02 -9.969574e-01 1.401677e+00 -2.569330e-01 9.632807e-01 -7.794633e-02 3.742923e+00
9.655511e-01 2.602112e-01 1.133014e-03 1.755790e+02 2.167851e-02 -7.610069e-02 -9.968644e-01 1.433922e+00 -2.593091e-01 9.625481e-01 -7.912009e-02 3.143271e+00
9.646225e-01 2.636300e-01 1.619617e-03 1.778198e+02 2.260621e-02 -7.659225e-02 -9.968062e-01 1.471671e+00 -2.626640e-01 9.615783e-01 -7.984228e-02 2.548671e+00
9.637619e-01 2.667609e-01 1.256040e-03 1.800551e+02 2.233838e-02 -7.601106e-02 -9.968567e-01 1.508604e+00 -2.658270e-01 9.607606e-01 -7.921558e-02 1.971733e+00
9.629217e-01 2.697806e-01 -5.141992e-04 1.822341e+02 2.064323e-02 -7.558154e-02 -9.969259e-01 1.546474e+00 -2.689901e-01 9.599510e-01 -7.834824e-02 1.408178e+00
9.620610e-01 2.728304e-01 -1.472645e-03 1.844272e+02 1.972887e-02 -7.494983e-02 -9.969921e-01 1.570917e+00 -2.721201e-01 9.591382e-01 -7.748895e-02 8.080010e-01
9.613010e-01 2.754879e-01 -2.629696e-03 1.866295e+02 1.848871e-02 -7.403317e-02 -9.970844e-01 1.612557e+00 -2.748793e-01 9.584495e-01 -7.626157e-02 1.870210e-01
9.607323e-01 2.774605e-01 -3.010652e-03 1.888783e+02 1.759078e-02 -7.173076e-02 -9.972689e-01 1.644137e+00 -2.769187e-01 9.580555e-01 -7.379481e-02 -4.725243e-01
9.593285e-01 2.822734e-01 -3.237066e-03 1.911449e+02 1.796071e-02 -7.247672e-02 -9.972084e-01 1.674160e+00 -2.817200e-01 9.565923e-01 -7.459882e-02 -1.135019e+00
9.582686e-01 2.858599e-01 -2.318785e-03 1.933776e+02 1.910025e-02 -7.211746e-02 -9.972132e-01 1.706298e+00 -2.852305e-01 9.555539e-01 -7.456789e-02 -1.756870e+00
9.569197e-01 2.903478e-01 -1.675722e-03 1.956713e+02 1.989543e-02 -7.132637e-02 -9.972546e-01 1.733995e+00 -2.896702e-01 9.542592e-01 -7.403020e-02 -2.438022e+00
9.554842e-01 2.950360e-01 -1.961351e-03 1.979545e+02 2.017597e-02 -7.196981e-02 -9.972028e-01 1.762767e+00 -2.943519e-01 9.527718e-01 -7.471865e-02 -3.117664e+00
9.546766e-01 2.976403e-01 -1.706935e-03 2.001842e+02 2.024696e-02 -7.066120e-02 -9.972948e-01 1.805885e+00 -2.969557e-01 9.520595e-01 -7.348491e-02 -3.819635e+00
9.534845e-01 3.014351e-01 -2.029645e-03 2.024476e+02 1.991838e-02 -6.972038e-02 -9.973677e-01 1.840991e+00 -3.007831e-01 9.509342e-01 -7.248140e-02 -4.517010e+00
9.521256e-01 3.057011e-01 -1.920609e-03 2.046718e+02 2.031107e-02 -6.952627e-02 -9.973733e-01 1.872851e+00 -3.050317e-01 9.495857e-01 -7.240686e-02 -5.196048e+00
9.514802e-01 3.077005e-01 -2.400503e-03 2.069241e+02 2.019984e-02 -7.024307e-02 -9.973254e-01 1.901900e+00 -3.070461e-01 9.488869e-01 -7.305039e-02 -5.920853e+00
9.504801e-01 3.107781e-01 -2.116430e-03 2.092096e+02 2.122934e-02 -7.171857e-02 -9.971989e-01 1.930302e+00 -3.100594e-01 9.477729e-01 -7.476470e-02 -6.651461e+00
9.497273e-01 3.130734e-01 -1.785030e-03 2.114911e+02 2.230080e-02 -7.333571e-02 -9.970580e-01 1.968238e+00 -3.122832e-01 9.468933e-01 -7.663070e-02 -7.397365e+00
9.489147e-01 3.155267e-01 -1.955603e-03 2.137227e+02 2.270244e-02 -7.445438e-02 -9.969659e-01 2.004972e+00 -3.147150e-01 9.459913e-01 -7.781408e-02 -8.120737e+00
9.475015e-01 3.197434e-01 -2.248070e-03 2.160142e+02 2.256480e-02 -7.387654e-02 -9.970121e-01 2.034571e+00 -3.189541e-01 9.446197e-01 -7.721308e-02 -8.861366e+00
9.468128e-01 3.217739e-01 -2.649107e-03 2.182797e+02 2.203950e-02 -7.305957e-02 -9.970840e-01 2.071699e+00 -3.210292e-01 9.439936e-01 -7.626547e-02 -9.604107e+00
9.459223e-01 3.243796e-01 -2.992718e-03 2.205863e+02 2.157855e-02 -7.212494e-02 -9.971622e-01 2.104127e+00 -3.236749e-01 9.431733e-01 -7.522423e-02 -1.039451e+01
9.445870e-01 3.282395e-01 -3.781003e-03 2.228288e+02 2.091550e-02 -7.167619e-02 -9.972087e-01 2.137200e+00 -3.275943e-01 9.418712e-01 -7.456969e-02 -1.114838e+01
9.437755e-01 3.305662e-01 -3.718601e-03 2.250609e+02 2.063622e-02 -7.013606e-02 -9.973239e-01 2.166250e+00 -3.299424e-01 9.411732e-01 -7.301433e-02 -1.188017e+01
9.430196e-01 3.327111e-01 -4.166353e-03 2.273310e+02 2.052168e-02 -7.065411e-02 -9.972898e-01 2.194155e+00 -3.321037e-01 9.403783e-01 -7.345600e-02 -1.266970e+01
9.420143e-01 3.355536e-01 -3.598938e-03 2.296316e+02 2.178528e-02 -7.185388e-02 -9.971772e-01 2.217709e+00 -3.348650e-01 9.392768e-01 -7.499751e-02 -1.348060e+01
9.411265e-01 3.380388e-01 -3.281468e-03 2.319262e+02 2.243531e-02 -7.214128e-02 -9.971421e-01 2.259472e+00 -3.373094e-01 9.383631e-01 -7.547808e-02 -1.431139e+01
9.398203e-01 3.416594e-01 -2.583046e-03 2.341962e+02 2.309939e-02 -7.107984e-02 -9.972031e-01 2.296877e+00 -3.408874e-01 9.371321e-01 -7.469440e-02 -1.510201e+01
9.393139e-01 3.430481e-01 -2.698720e-03 2.364801e+02 2.256908e-02 -6.964309e-02 -9.973167e-01 2.331129e+00 -3.423155e-01 9.367325e-01 -7.315900e-02 -1.591379e+01
9.382437e-01 3.459685e-01 -2.120053e-03 2.387526e+02 2.277635e-02 -6.788012e-02 -9.974335e-01 2.374385e+00 -3.452244e-01 9.357874e-01 -7.156800e-02 -1.671991e+01
9.363449e-01 3.510793e-01 -1.258559e-03 2.410084e+02 2.376335e-02 -6.695371e-02 -9.974731e-01 2.407126e+00 -3.502764e-01 9.339489e-01 -7.103459e-02 -1.756096e+01
9.349079e-01 3.548890e-01 -1.047268e-03 2.432541e+02 2.405150e-02 -6.630410e-02 -9.975095e-01 2.442396e+00 -3.540746e-01 9.325543e-01 -7.052384e-02 -1.840111e+01
9.337763e-01 3.578571e-01 -3.128614e-04 2.455260e+02 2.465202e-02 -6.519802e-02 -9.975678e-01 2.484626e+00 -3.570071e-01 9.314975e-01 -6.970227e-02 -1.926051e+01
9.319307e-01 3.626363e-01 4.439372e-05 2.478022e+02 2.509651e-02 -6.437281e-02 -9.976103e-01 2.526287e+00 -3.617669e-01 9.297048e-01 -6.909190e-02 -2.009750e+01
9.309273e-01 3.652035e-01 8.242039e-04 2.500709e+02 2.551357e-02 -6.278411e-02 -9.977010e-01 2.568509e+00 -3.643121e-01 9.288082e-01 -6.776509e-02 -2.095597e+01
9.292966e-01 3.693337e-01 7.470517e-04 2.523164e+02 2.558710e-02 -6.236271e-02 -9.977255e-01 2.606172e+00 -3.684471e-01 9.272020e-01 -6.740363e-02 -2.182543e+01
9.273520e-01 3.741902e-01 1.657226e-04 2.545684e+02 2.580188e-02 -6.350273e-02 -9.976481e-01 2.645022e+00 -3.732995e-01 9.251752e-01 -6.854419e-02 -2.270597e+01
9.263618e-01 3.766347e-01 2.468687e-04 2.567827e+02 2.600511e-02 -6.330764e-02 -9.976552e-01 2.690078e+00 -3.757359e-01 9.241961e-01 -6.844021e-02 -2.358620e+01
9.243274e-01 3.816002e-01 3.051510e-04 2.590133e+02 2.609912e-02 -6.242051e-02 -9.977086e-01 2.732084e+00 -3.807068e-01 9.222174e-01 -6.765642e-02 -2.449916e+01
9.228898e-01 3.850640e-01 3.965278e-04 2.612289e+02 2.646391e-02 -6.239912e-02 -9.977003e-01 2.779603e+00 -3.841537e-01 9.207780e-01 -6.777781e-02 -2.540617e+01
9.210778e-01 3.893785e-01 2.716151e-04 2.634579e+02 2.666633e-02 -6.238345e-02 -9.976959e-01 2.827039e+00 -3.884645e-01 9.189628e-01 -6.784331e-02 -2.632302e+01
9.190195e-01 3.942120e-01 -3.999224e-04 2.656737e+02 2.683255e-02 -6.356632e-02 -9.976168e-01 2.871933e+00 -3.932979e-01 9.168186e-01 -6.899640e-02 -2.724201e+01
9.178097e-01 3.970160e-01 -1.900679e-03 2.679058e+02 2.609594e-02 -6.510343e-02 -9.975373e-01 2.919761e+00 -3.961619e-01 9.154998e-01 -7.011307e-02 -2.820370e+01
9.164370e-01 4.001692e-01 -2.788567e-03 2.701544e+02 2.587439e-02 -6.620641e-02 -9.974704e-01 2.974534e+00 -3.993416e-01 9.140466e-01 -7.102814e-02 -2.919095e+01
9.148501e-01 4.037731e-01 -4.071514e-03 2.724243e+02 2.540070e-02 -6.760904e-02 -9.973885e-01 3.014481e+00 -4.029939e-01 9.123576e-01 -7.210826e-02 -3.018253e+01
9.135091e-01 4.067777e-01 -5.753768e-03 2.746335e+02 2.458967e-02 -6.932797e-02 -9.972908e-01 3.059981e+00 -4.060745e-01 9.108927e-01 -7.333426e-02 -3.114012e+01
9.117283e-01 4.107502e-01 -5.986833e-03 2.768751e+02 2.503686e-02 -7.010840e-02 -9.972251e-01 3.115008e+00 -4.100301e-01 9.090484e-01 -7.420371e-02 -3.212328e+01
9.101958e-01 4.141211e-01 -6.869829e-03 2.790879e+02 2.446302e-02 -7.031011e-02 -9.972252e-01 3.159028e+00 -4.134550e-01 9.075022e-01 -7.412662e-02 -3.311656e+01
9.089288e-01 4.168863e-01 -7.362070e-03 2.813605e+02 2.401201e-02 -6.996418e-02 -9.972605e-01 3.217231e+00 -4.162593e-01 9.062620e-01 -7.360274e-02 -3.412474e+01
9.066350e-01 4.218378e-01 -8.117246e-03 2.836121e+02 2.371360e-02 -7.015619e-02 -9.972541e-01 3.272280e+00 -4.212489e-01 9.039530e-01 -7.360935e-02 -3.514566e+01
9.058719e-01 4.234671e-01 -8.465281e-03 2.858882e+02 2.319940e-02 -6.956426e-02 -9.973077e-01 3.316707e+00 -4.229159e-01 9.032366e-01 -7.284049e-02 -3.619689e+01
9.044802e-01 4.264266e-01 -8.721312e-03 2.881727e+02 2.263068e-02 -6.840017e-02 -9.974012e-01 3.366432e+00 -4.259149e-01 9.019322e-01 -7.151692e-02 -3.724228e+01
9.028991e-01 4.297608e-01 -8.886039e-03 2.904735e+02 2.346060e-02 -6.990960e-02 -9.972774e-01 3.406571e+00 -4.292119e-01 9.002324e-01 -7.320376e-02 -3.828757e+01
9.018196e-01 4.320277e-01 -8.563418e-03 2.927172e+02 2.455697e-02 -7.102589e-02 -9.971721e-01 3.456371e+00 -4.314142e-01 8.990592e-01 -7.466184e-02 -3.934618e+01
9.007389e-01 4.342857e-01 -8.087778e-03 2.949965e+02 2.557636e-02 -7.161640e-02 -9.971043e-01 3.516857e+00 -4.336073e-01 8.979238e-01 -7.561513e-02 -4.042496e+01
8.991822e-01 4.375126e-01 -7.351866e-03 2.973225e+02 2.654678e-02 -7.131439e-02 -9.971005e-01 3.575336e+00 -4.367684e-01 8.963799e-01 -7.573918e-02 -4.153982e+01
8.986048e-01 4.387011e-01 -7.125137e-03 2.996677e+02 2.700922e-02 -7.151772e-02 -9.970736e-01 3.630480e+00 -4.379269e-01 8.957826e-01 -7.611514e-02 -4.264565e+01
8.968744e-01 4.422334e-01 -6.786971e-03 3.019815e+02 2.805513e-02 -7.219832e-02 -9.969956e-01 3.693511e+00 -4.413947e-01 8.939894e-01 -7.715973e-02 -4.375031e+01
8.965216e-01 4.429524e-01 -6.488051e-03 3.043291e+02 2.857469e-02 -7.243709e-02 -9.969636e-01 3.753189e+00 -4.420774e-01 8.936141e-01 -7.759865e-02 -4.486774e+01
8.954951e-01 4.450102e-01 -7.381980e-03 3.066596e+02 2.772801e-02 -7.233562e-02 -9.969949e-01 3.819052e+00 -4.442068e-01 8.925993e-01 -7.711545e-02 -4.599117e+01
8.941057e-01 4.477779e-01 -8.364634e-03 3.089410e+02 2.625009e-02 -7.104184e-02 -9.971279e-01 3.879682e+00 -4.470861e-01 8.913181e-01 -7.527313e-02 -4.713096e+01
8.927087e-01 4.505709e-01 -7.549907e-03 3.112437e+02 2.655683e-02 -6.932669e-02 -9.972405e-01 3.941934e+00 -4.498509e-01 8.900447e-01 -7.385428e-02 -4.826420e+01
8.907070e-01 4.545457e-01 -5.414896e-03 3.136085e+02 2.803710e-02 -6.682167e-02 -9.973710e-01 4.007164e+00 -4.537125e-01 8.882134e-01 -7.226267e-02 -4.942290e+01
8.873637e-01 4.610583e-01 -3.300666e-03 3.160210e+02 2.976363e-02 -6.442463e-02 -9.974786e-01 4.065899e+00 -4.601084e-01 8.850281e-01 -7.089084e-02 -5.058993e+01
8.852318e-01 4.651448e-01 -2.244688e-03 3.183573e+02 3.085190e-02 -6.352896e-02 -9.975030e-01 4.137502e+00 -4.641259e-01 8.829521e-01 -7.058846e-02 -5.180980e+01
8.829337e-01 4.694948e-01 -1.639287e-03 3.206794e+02 3.175886e-02 -6.320868e-02 -9.974949e-01 4.213377e+00 -4.684223e-01 8.806698e-01 -7.071970e-02 -5.299934e+01
8.799370e-01 4.750834e-01 -2.587395e-03 3.230452e+02 3.216535e-02 -6.500766e-02 -9.973662e-01 4.282638e+00 -4.740003e-01 8.775362e-01 -7.248387e-02 -5.424312e+01
8.782942e-01 4.781055e-01 -3.795218e-03 3.253966e+02 3.173031e-02 -6.620616e-02 -9.973013e-01 4.349451e+00 -4.770665e-01 8.758036e-01 -7.331891e-02 -5.548996e+01
8.759376e-01 4.824123e-01 -3.420297e-03 3.278073e+02 3.296386e-02 -6.692417e-02 -9.972134e-01 4.417144e+00 -4.812969e-01 8.733839e-01 -7.452357e-02 -5.677952e+01
8.739346e-01 4.860397e-01 -1.933698e-03 3.300934e+02 3.500889e-02 -6.691563e-02 -9.971443e-01 4.492254e+00 -4.847811e-01 8.713712e-01 -7.549560e-02 -5.803513e+01
8.717154e-01 4.900124e-01 -2.810356e-04 3.324505e+02 3.658329e-02 -6.565233e-02 -9.971717e-01 4.564832e+00 -4.886450e-01 8.692397e-01 -7.515641e-02 -5.935295e+01
8.686621e-01 4.954049e-01 3.597343e-04 3.348283e+02 3.761110e-02 -6.522467e-02 -9.971616e-01 4.642613e+00 -4.939753e-01 8.662100e-01 -7.529092e-02 -6.065537e+01
8.666306e-01 4.989501e-01 5.542645e-04 3.372110e+02 3.797555e-02 -6.485233e-02 -9.971720e-01 4.734158e+00 -4.975031e-01 8.642008e-01 -7.515092e-02 -6.198352e+01
8.645250e-01 5.025897e-01 2.688183e-04 3.395541e+02 3.896609e-02 -6.649388e-02 -9.970257e-01 4.816360e+00 -5.010770e-01 8.619641e-01 -7.706958e-02 -6.331305e+01
8.613907e-01 5.079421e-01 9.682698e-04 3.418523e+02 4.041504e-02 -6.663716e-02 -9.969584e-01 4.896257e+00 -5.063326e-01 8.588098e-01 -7.792912e-02 -6.462215e+01
8.591623e-01 5.116981e-01 2.256437e-03 3.441548e+02 4.162951e-02 -6.550127e-02 -9.969837e-01 4.987066e+00 -5.100069e-01 8.566648e-01 -7.757796e-02 -6.595615e+01
8.570460e-01 5.152273e-01 3.604610e-03 3.464950e+02 4.298974e-02 -6.453546e-02 -9.969890e-01 5.073744e+00 -5.134434e-01 8.546204e-01 -7.745935e-02 -6.731113e+01
8.546957e-01 5.191122e-01 4.221669e-03 3.487477e+02 4.444984e-02 -6.507753e-02 -9.968897e-01 5.170107e+00 -5.172229e-01 8.522249e-01 -7.869594e-02 -6.865439e+01
8.532862e-01 5.214166e-01 5.229696e-03 3.510710e+02 4.445885e-02 -6.275580e-02 -9.970382e-01 5.260709e+00 -5.195441e-01 8.509914e-01 -7.673024e-02 -7.006535e+01
8.509629e-01 5.251922e-01 5.945702e-03 3.534367e+02 4.357809e-02 -5.931878e-02 -9.972875e-01 5.369192e+00 -5.234149e-01 8.489137e-01 -7.336496e-02 -7.150051e+01
8.497143e-01 5.271966e-01 7.025852e-03 3.557613e+02 4.265913e-02 -5.546211e-02 -9.975491e-01 5.466848e+00 -5.255148e-01 8.479314e-01 -6.961670e-02 -7.288897e+01
8.479340e-01 5.300148e-01 9.606624e-03 3.580944e+02 4.409564e-02 -5.246298e-02 -9.976488e-01 5.558997e+00 -5.282646e-01 8.463640e-01 -6.785648e-02 -7.431144e+01
8.451282e-01 5.344520e-01 1.092393e-02 3.603518e+02 4.584705e-02 -5.210767e-02 -9.975885e-01 5.657388e+00 -5.325939e-01 8.435911e-01 -6.854071e-02 -7.570964e+01
8.428789e-01 5.379956e-01 1.077126e-02 3.626629e+02 4.574647e-02 -5.169775e-02 -9.976144e-01 5.760818e+00 -5.361553e-01 8.413609e-01 -6.818634e-02 -7.713572e+01
8.410010e-01 5.409097e-01 1.157482e-02 3.649633e+02 4.646704e-02 -5.089858e-02 -9.976223e-01 5.874629e+00 -5.390344e-01 8.395392e-01 -6.794023e-02 -7.857630e+01
8.391448e-01 5.437079e-01 1.475556e-02 3.672877e+02 4.879053e-02 -4.822723e-02 -9.976440e-01 5.985476e+00 -5.417153e-01 8.378878e-01 -6.699742e-02 -8.005291e+01
8.369244e-01 5.470430e-01 1.736431e-02 3.695836e+02 5.002670e-02 -4.486576e-02 -9.977396e-01 6.091058e+00 -5.450275e-01 8.359013e-01 -6.491601e-02 -8.150451e+01
8.346447e-01 5.505095e-01 1.753528e-02 3.718717e+02 5.040214e-02 -4.463572e-02 -9.977311e-01 6.215592e+00 -5.484777e-01 8.336348e-01 -6.500182e-02 -8.296844e+01
8.324207e-01 5.538647e-01 1.759763e-02 3.741742e+02 5.051101e-02 -4.421383e-02 -9.977443e-01 6.326823e+00 -5.518373e-01 8.314319e-01 -6.478077e-02 -8.444597e+01
8.303943e-01 5.568782e-01 1.821878e-02 3.764803e+02 5.153231e-02 -4.420247e-02 -9.976926e-01 6.440019e+00 -5.547879e-01 8.294172e-01 -6.540269e-02 -8.594839e+01
8.281831e-01 5.601101e-01 1.973696e-02 3.787966e+02 5.306786e-02 -4.331166e-02 -9.976512e-01 6.562597e+00 -5.579396e-01 8.272852e-01 -6.559383e-02 -8.747973e+01
8.268372e-01 5.620308e-01 2.148395e-02 3.810421e+02 5.344073e-02 -4.048029e-02 -9.977502e-01 6.679291e+00 -5.598966e-01 8.261251e-01 -6.350595e-02 -8.898528e+01
8.252342e-01 5.643043e-01 2.343361e-02 3.832373e+02 5.070099e-02 -3.269383e-02 -9.981786e-01 6.789129e+00 -5.625103e-01 8.249193e-01 -5.559086e-02 -9.044942e+01
8.226405e-01 5.681857e-01 2.067516e-02 3.854901e+02 4.167529e-02 -2.399311e-02 -9.988431e-01 6.916648e+00 -5.670323e-01 8.225505e-01 -4.341701e-02 -9.193306e+01
8.210246e-01 5.707611e-01 1.226276e-02 3.876763e+02 3.686392e-02 -3.156814e-02 -9.988216e-01 6.980703e+00 -5.697014e-01 8.205091e-01 -4.695871e-02 -9.343353e+01
8.198813e-01 5.724344e-01 1.065788e-02 3.898578e+02 4.139316e-02 -4.069911e-02 -9.983137e-01 7.066154e+00 -5.710353e-01 8.189398e-01 -5.706330e-02 -9.496106e+01
8.184538e-01 5.742385e-01 1.958536e-02 3.921499e+02 5.291736e-02 -4.139274e-02 -9.977406e-01 7.176242e+00 -5.721304e-01 8.176410e-01 -6.426524e-02 -9.652917e+01
8.168948e-01 5.759667e-01 3.074574e-02 3.944223e+02 6.187587e-02 -3.451172e-02 -9.974870e-01 7.310029e+00 -5.734582e-01 8.167443e-01 -6.383088e-02 -9.809595e+01
8.140944e-01 5.795583e-01 3.691077e-02 3.966645e+02 6.550550e-02 -2.848924e-02 -9.974454e-01 7.467013e+00 -5.770262e-01 8.144326e-01 -6.115719e-02 -9.963615e+01
8.124307e-01 5.818279e-01 3.785146e-02 3.988904e+02 6.580473e-02 -2.699456e-02 -9.974673e-01 7.618661e+00 -5.793325e-01 8.128638e-01 -6.021824e-02 -1.011763e+02
8.103331e-01 5.850661e-01 3.252693e-02 4.010991e+02 6.360897e-02 -3.264718e-02 -9.974408e-01 7.764596e+00 -5.825068e-01 8.103282e-01 -6.367054e-02 -1.027298e+02
8.078946e-01 5.887349e-01 2.640995e-02 4.032733e+02 5.959661e-02 -3.703351e-02 -9.975353e-01 7.893882e+00 -5.863058e-01 8.074774e-01 -6.500578e-02 -1.042805e+02
8.065895e-01 5.906261e-01 2.396160e-02 4.054725e+02 5.747385e-02 -3.801587e-02 -9.976230e-01 8.014267e+00 -5.883113e-01 8.060494e-01 -6.460875e-02 -1.058574e+02
8.047128e-01 5.931631e-01 2.438891e-02 4.076525e+02 5.807343e-02 -3.776722e-02 -9.975977e-01 8.151160e+00 -5.908170e-01 8.041960e-01 -6.483878e-02 -1.074413e+02
8.020412e-01 5.967465e-01 2.497154e-02 4.098385e+02 5.893571e-02 -3.746698e-02 -9.975584e-01 8.292098e+00 -5.943539e-01 8.015546e-01 -6.521974e-02 -1.090186e+02
8.001825e-01 5.992051e-01 2.571458e-02 4.120018e+02 6.049837e-02 -3.798506e-02 -9.974453e-01 8.430218e+00 -5.966976e-01 7.996939e-01 -6.664591e-02 -1.105941e+02
7.987891e-01 6.010655e-01 2.561459e-02 4.141794e+02 6.125825e-02 -3.890653e-02 -9.973634e-01 8.565310e+00 -5.984842e-01 7.982522e-01 -6.789833e-02 -1.121989e+02
7.976496e-01 6.025710e-01 2.575551e-02 4.163588e+02 6.186726e-02 -3.926860e-02 -9.973116e-01 8.707324e+00 -5.999397e-01 7.970986e-01 -6.860200e-02 -1.138307e+02
7.967041e-01 6.038071e-01 2.606815e-02 4.185079e+02 6.278988e-02 -3.979571e-02 -9.972330e-01 8.844777e+00 -6.010990e-01 7.961364e-01 -6.961838e-02 -1.154316e+02
7.951618e-01 6.058177e-01 2.650649e-02 4.206469e+02 6.396744e-02 -4.033205e-02 -9.971367e-01 8.986586e+00 -6.030139e-01 7.945806e-01 -7.082311e-02 -1.170317e+02
7.947600e-01 6.062971e-01 2.757620e-02 4.228047e+02 6.615273e-02 -4.137148e-02 -9.969515e-01 9.134917e+00 -6.033079e-01 7.941614e-01 -7.298860e-02 -1.186565e+02
7.935055e-01 6.078835e-01 2.875133e-02 4.249407e+02 6.872238e-02 -4.256466e-02 -9.967274e-01 9.287630e+00 -6.046703e-01 7.928845e-01 -7.555050e-02 -1.202671e+02
7.919821e-01 6.098554e-01 2.899742e-02 4.270688e+02 6.860925e-02 -4.170412e-02 -9.967716e-01 9.439342e+00 -6.066772e-01 7.914147e-01 -7.487063e-02 -1.218908e+02
7.916648e-01 6.102753e-01 2.882656e-02 4.292201e+02 6.609058e-02 -3.863767e-02 -9.970653e-01 9.593498e+00 -6.073705e-01 7.912466e-01 -7.092153e-02 -1.235048e+02
7.907677e-01 6.114168e-01 2.925731e-02 4.313718e+02 6.417502e-02 -3.527673e-02 -9.973149e-01 9.741775e+00 -6.087431e-01 7.905220e-01 -6.713338e-02 -1.251462e+02
7.895675e-01 6.129574e-01 2.943303e-02 4.335150e+02 6.408920e-02 -3.466466e-02 -9.973419e-01 9.892491e+00 -6.103079e-01 7.893552e-01 -6.665404e-02 -1.267755e+02
7.890811e-01 6.135496e-01 3.013113e-02 4.356656e+02 6.417543e-02 -3.355491e-02 -9.973744e-01 1.003423e+01 -6.109276e-01 7.889429e-01 -6.585236e-02 -1.283973e+02
7.879578e-01 6.149574e-01 3.081969e-02 4.378110e+02 6.338707e-02 -3.122767e-02 -9.975004e-01 1.018291e+01 -6.124578e-01 7.879418e-01 -6.358644e-02 -1.300317e+02
7.865807e-01 6.166735e-01 3.169463e-02 4.399343e+02 6.389140e-02 -3.022732e-02 -9.974990e-01 1.032932e+01 -6.141731e-01 7.866385e-01 -6.317636e-02 -1.316691e+02
7.867643e-01 6.163588e-01 3.322415e-02 4.420327e+02 6.606442e-02 -3.056842e-02 -9.973470e-01 1.046762e+01 -6.137080e-01 7.868719e-01 -6.476954e-02 -1.332827e+02
7.866207e-01 6.164684e-01 3.456151e-02 4.441260e+02 6.921975e-02 -3.242550e-02 -9.970743e-01 1.064139e+01 -6.135442e-01 7.867117e-01 -6.817836e-02 -1.349265e+02
7.872407e-01 6.155469e-01 3.679807e-02 4.462757e+02 7.521375e-02 -3.662148e-02 -9.964947e-01 1.080317e+01 -6.120417e-01 7.872490e-01 -7.512750e-02 -1.365730e+02
7.877890e-01 6.147328e-01 3.862639e-02 4.484136e+02 7.981506e-02 -3.969987e-02 -9.960188e-01 1.098096e+01 -6.107520e-01 7.877356e-01 -8.034007e-02 -1.382311e+02
7.885738e-01 6.136597e-01 3.966334e-02 4.505594e+02 7.853081e-02 -3.652356e-02 -9.962424e-01 1.117796e+01 -6.099051e-01 7.887254e-01 -7.699271e-02 -1.398924e+02
7.900034e-01 6.118261e-01 3.954202e-02 4.526989e+02 7.296921e-02 -2.979101e-02 -9.968892e-01 1.135708e+01 -6.087448e-01 7.904311e-01 -6.817947e-02 -1.414909e+02
7.918033e-01 6.092677e-01 4.289924e-02 4.547968e+02 7.190962e-02 -2.324383e-02 -9.971403e-01 1.152327e+01 -6.065283e-01 7.926238e-01 -6.221675e-02 -1.430793e+02
