0.000000e+00 -1.000000e+00 0.000000e+00 0.000000e+00 0.000000e+00 0.000000e+00 -1.000000e+00 0.000000e+00 1.000000e+00 0.000000e+00 0.000000e+00 0.000000e+00
1.868958e-04 -9.999999e-01 4.561990e-04 1.189883e-03 -1.371537e-03 -4.564549e-04 -9.999989e-01 -8.993220e-03 9.999990e-01 1.862700e-04 -1.371622e-03 5.046579e-01
-2.086027e-03 -9.999978e-01 1.711855e-04 9.417720e-04 -2.692526e-03 -1.655685e-04 -9.999964e-01 -2.099144e-02 9.999942e-01 -2.086480e-03 -2.692175e-03 1.056643e+00
-4.781202e-03 -9.999869e-01 1.836699e-03 -4.135760e-03 -4.057190e-03 -1.817306e-03 -9.999901e-01 -3.245527e-02 9.999803e-01 -4.788607e-03 -4.048449e-03 1.671935e+00
-6.097010e-03 -9.999725e-01 4.215417e-03 -9.650426e-03 -5.308146e-03 -4.183072e-03 -9.999772e-01 -4.814403e-02 9.999673e-01 -6.119247e-03 -5.282496e-03 2.240163e+00
-7.691798e-03 -9.999514e-01 6.164912e-03 -6.301479e-03 -6.221737e-03 -6.117118e-03 -9.999619e-01 -5.711382e-02 9.999511e-01 -7.729862e-03 -6.174384e-03 2.797750e+00
-8.925501e-03 -9.999400e-01 6.355623e-03 -8.484901e-03 -6.007334e-03 -6.302142e-03 -9.999621e-01 -6.597649e-02 9.999421e-01 -8.963343e-03 -5.950724e-03 3.386456e+00
-1.061518e-02 -9.999198e-01 6.902922e-03 -1.470471e-02 -6.150799e-03 -6.837886e-03 -9.999577e-01 -7.953457e-02 9.999247e-01 -1.065719e-02 -6.077721e-03 3.972843e+00
-1.085706e-02 -9.999199e-01 6.505376e-03 -2.164220e-02 -8.458042e-03 -6.413694e-03 -9.999437e-01 -9.220733e-02 9.999053e-01 -1.091147e-02 -8.387730e-03 4.565299e+00
-1.246979e-02 -9.999079e-01 5.359976e-03 -3.199304e-02 -1.226471e-02 -5.207041e-03 -9.999112e-01 -1.056091e-01 9.998471e-01 -1.253442e-02 -1.219864e-02 5.156507e+00
-1.382469e-02 -9.998987e-01 3.374699e-03 -5.361109e-02 -1.586552e-02 -3.155241e-03 -9.998692e-01 -1.191994e-01 9.997786e-01 -1.387642e-02 -1.582030e-02 5.771627e+00
-1.419490e-02 -9.998981e-01 1.496690e-03 -7.290366e-02 -1.629160e-02 -1.265362e-03 -9.998665e-01 -1.322465e-01 9.997665e-01 -1.421738e-02 -1.627198e-02 6.389553e+00
-1.652881e-02 -9.998631e-01 -6.552902e-04 -8.611728e-02 -9.785557e-03 8.171140e-04 -9.999518e-01 -1.471488e-01 9.998155e-01 -1.652160e-02 -9.797724e-03 7.040139e+00
-1.610780e-02 -9.998690e-01 -1.567248e-03 -1.055220e-01 -6.895624e-05 1.568562e-03 -9.999987e-01 -1.541401e-01 9.998702e-01 -1.610767e-02 -9.421329e-05 7.707560e+00
-1.738548e-02 -9.998455e-01 -2.588514e-03 -1.163176e-01 7.010151e-03 2.466948e-03 -9.999724e-01 -1.695302e-01 9.998243e-01 -1.740315e-02 6.966179e-03 8.371926e+00
-1.891067e-02 -9.998123e-01 -4.206893e-03 -1.362328e-01 6.899152e-03 4.077055e-03 -9.999679e-01 -1.815930e-01 9.997973e-01 -1.893909e-02 6.820757e-03 9.051202e+00
-1.923449e-02 -9.997870e-01 -7.485277e-03 -1.481915e-01 4.647456e-04 7.477720e-03 -9.999719e-01 -1.837097e-01 9.998149e-01 -1.923743e-02 3.208164e-04 9.742504e+00
-2.043518e-02 -9.997625e-01 -7.576705e-03 -1.675447e-01 -5.385192e-03 7.688245e-03 -9.999560e-01 -1.816670e-01 9.997767e-01 -2.039347e-02 -5.541024e-03 1.044577e+01
-2.111145e-02 -9.997631e-01 -5.297288e-03 -1.882522e-01 -4.751032e-03 5.398731e-03 -9.999741e-01 -1.872169e-01 9.997658e-01 -2.108574e-02 -4.863881e-03 1.116457e+01
-2.263527e-02 -9.997340e-01 -4.407892e-03 -2.030236e-01 3.602196e-03 4.327436e-03 -9.999841e-01 -1.966301e-01 9.997373e-01 -2.265079e-02 3.503286e-03 1.193301e+01
-2.264479e-02 -9.997397e-01 -2.786304e-03 -2.188441e-01 1.101257e-02 2.537409e-03 -9.999362e-01 -1.972815e-01 9.996829e-01 -2.267403e-02 1.095224e-02 1.272473e+01
-2.363025e-02 -9.997180e-01 -2.376911e-03 -2.423136e-01 1.415132e-02 2.042844e-03 -9.998978e-01 -1.959623e-01 9.996206e-01 -2.366147e-02 1.409906e-02 1.351602e+01
-2.382587e-02 -9.997160e-01 -5.416504e-04 -2.598990e-01 1.431312e-02 2.006292e-04 -9.998975e-01 -1.905828e-01 9.996136e-01 -2.383118e-02 1.430428e-02 1.430318e+01
-2.277625e-02 -9.997406e-01 9.938570e-05 -2.892819e-01 1.191188e-02 -3.707827e-04 -9.999290e-01 -1.903308e-01 9.996696e-01 -2.277345e-02 1.191723e-02 1.513689e+01
-2.311801e-02 -9.997305e-01 -2.138439e-03 -2.995229e-01 8.185923e-03 1.949647e-03 -9.999646e-01 -1.813409e-01 9.996992e-01 -2.313469e-02 8.138645e-03 1.596099e+01
-2.103759e-02 -9.997786e-01 -3.878200e-04 -3.304560e-01 3.149852e-03 3.216240e-04 -9.999950e-01 -1.795387e-01 9.997737e-01 -2.103870e-02 3.142389e-03 1.680803e+01
-2.080373e-02 -9.997807e-01 2.395249e-03 -3.373287e-01 -3.010659e-03 -2.333110e-03 -9.999927e-01 -1.896636e-01 9.997790e-01 -2.081079e-02 -2.961462e-03 1.767914e+01
-1.939096e-02 -9.998111e-01 1.345708e-03 -3.611416e-01 -8.430970e-03 -1.182398e-03 -9.999638e-01 -1.999815e-01 9.997764e-01 -1.940161e-02 -8.406449e-03 1.858156e+01
-2.027126e-02 -9.997940e-01 9.940419e-04 -3.840661e-01 -9.524493e-03 -8.010880e-04 -9.999543e-01 -2.069934e-01 9.997491e-01 -2.027981e-02 -9.506293e-03 1.948428e+01
-2.061816e-02 -9.997868e-01 1.145558e-03 -3.982230e-01 -9.050079e-03 -9.591195e-04 -9.999586e-01 -2.236886e-01 9.997464e-01 -2.062768e-02 -9.028373e-03 2.041213e+01
-1.993776e-02 -9.998007e-01 -9.947048e-04 -4.360695e-01 -9.726872e-03 1.188826e-03 -9.999520e-01 -2.427342e-01 9.997539e-01 -1.992712e-02 -9.748636e-03 2.133969e+01
-1.978660e-02 -9.998002e-01 -2.840228e-03 -4.652258e-01 -1.117920e-02 3.061848e-03 -9.999328e-01 -2.529511e-01 9.997417e-01 -1.975352e-02 -1.123755e-02 2.226392e+01
-1.990279e-02 -9.997779e-01 -6.936859e-03 -4.902920e-01 -1.278047e-02 7.192078e-03 -9.998925e-01 -2.721379e-01 9.997202e-01 -1.981200e-02 -1.292077e-02 2.323833e+01
-2.144759e-02 -9.997370e-01 -8.125398e-03 -5.068610e-01 -1.245782e-02 8.393879e-03 -9.998872e-01 -2.925887e-01 9.996924e-01 -2.134395e-02 -1.263458e-02 2.421321e+01
-2.004203e-02 -9.997581e-01 -9.060535e-03 -5.498148e-01 -1.223320e-02 9.306894e-03 -9.998819e-01 -3.104918e-01 9.997243e-01 -1.992882e-02 -1.241677e-02 2.518538e+01
-2.135085e-02 -9.997213e-01 -1.007045e-02 -5.811490e-01 -1.221409e-02 1.033282e-02 -9.998720e-01 -3.345294e-01 9.996974e-01 -2.122512e-02 -1.243130e-02 2.616987e+01
-2.136137e-02 -9.997118e-01 -1.095471e-02 -6.031565e-01 -1.109121e-02 1.119350e-02 -9.998758e-01 -3.622760e-01 9.997103e-01 -2.123722e-02 -1.132713e-02 2.715942e+01
-2.092910e-02 -9.997188e-01 -1.114945e-02 -6.437314e-01 -9.575070e-03 1.135181e-02 -9.998897e-01 -3.807678e-01 9.997351e-01 -2.082003e-02 -9.809960e-03 2.817615e+01
-2.187495e-02 -9.997016e-01 -1.087469e-02 -6.618321e-01 -8.195646e-03 1.105624e-02 -9.999053e-01 -3.928535e-01 9.997271e-01 -2.178375e-02 -8.435055e-03 2.918930e+01
-2.168272e-02 -9.997141e-01 -1.008059e-02 -6.850120e-01 -8.758277e-03 1.027251e-02 -9.999089e-01 -4.148124e-01 9.997265e-01 -2.159245e-02 -8.978508e-03 3.021471e+01
-2.230211e-02 -9.996869e-01 -1.134554e-02 -7.189902e-01 -9.609300e-03 1.156219e-02 -9.998870e-01 -4.346442e-01 9.997051e-01 -2.219057e-02 -9.864152e-03 3.125654e+01
-2.220145e-02 -9.996852e-01 -1.168812e-02 -7.421803e-01 -9.069717e-03 1.189192e-02 -9.998882e-01 -4.525952e-01 9.997123e-01 -2.209296e-02 -9.330879e-03 3.227600e+01
-2.180645e-02 -9.997002e-01 -1.113397e-02 -7.559553e-01 -6.310258e-03 1.127403e-02 -9.999166e-01 -4.779493e-01 9.997423e-01 -2.173437e-02 -6.554212e-03 3.333216e+01
-2.340579e-02 -9.996553e-01 -1.189229e-02 -7.866998e-01 -3.012030e-03 1.196600e-02 -9.999239e-01 -4.977782e-01 9.997215e-01 -2.336819e-02 -3.291065e-03 3.439452e+01
-2.257853e-02 -9.996795e-01 -1.145067e-02 -8.143701e-01 -3.601348e-04 1.146172e-02 -9.999343e-01 -5.096465e-01 9.997450e-01 -2.257292e-02 -6.188083e-04 3.545044e+01
-2.443957e-02 -9.996424e-01 -1.085727e-02 -8.426465e-01 3.647876e-04 1.085159e-02 -9.999411e-01 -5.267333e-01 9.997013e-01 -2.444209e-02 9.944894e-05 3.650140e+01
-2.377322e-02 -9.996563e-01 -1.105291e-02 -8.787599e-01 -2.501551e-04 1.106198e-02 -9.999388e-01 -5.384473e-01 9.997174e-01 -2.376900e-02 -5.130480e-04 3.757334e+01
-2.508342e-02 -9.996104e-01 -1.224453e-02 -9.111285e-01 -6.558296e-04 1.226483e-02 -9.999245e-01 -5.553961e-01 9.996852e-01 -2.507349e-02 -9.632180e-04 3.865889e+01
-2.564359e-02 -9.996027e-01 -1.169628e-02 -9.499637e-01 9.511502e-05 1.169769e-02 -9.999316e-01 -5.681133e-01 9.996712e-01 -2.564294e-02 -2.048934e-04 3.974323e+01
-2.571766e-02 -9.995958e-01 -1.211814e-02 -9.813861e-01 2.154561e-03 1.206670e-02 -9.999249e-01 -5.828077e-01 9.996669e-01 -2.574184e-02 1.843363e-03 4.083297e+01
-2.719537e-02 -9.995613e-01 -1.172861e-02 -1.017133e+00 4.588705e-03 1.160800e-02 -9.999221e-01 -5.942482e-01 9.996196e-01 -2.724707e-02 4.271009e-03 4.190592e+01
-2.703379e-02 -9.995615e-01 -1.207887e-02 -1.042176e+00 4.766480e-03 1.195426e-02 -9.999172e-01 -6.079751e-01 9.996232e-01 -2.708913e-02 4.441221e-03 4.299409e+01
-2.717553e-02 -9.995283e-01 -1.430361e-02 -1.081133e+00 1.415340e-03 1.427041e-02 -9.998972e-01 -6.234732e-01 9.996297e-01 -2.719298e-02 1.026866e-03 4.404871e+01
-2.647263e-02 -9.995131e-01 -1.651615e-02 -1.114687e+00 -1.674250e-03 1.656625e-02 -9.998614e-01 -6.397780e-01 9.996482e-01 -2.644131e-02 -2.111987e-03 4.512888e+01
-2.773630e-02 -9.994406e-01 -1.868766e-02 -1.150677e+00 -2.224790e-03 1.875653e-02 -9.998216e-01 -6.578937e-01 9.996128e-01 -2.768978e-02 -2.743782e-03 4.619736e+01
-2.777927e-02 -9.994485e-01 -1.819578e-02 -1.192683e+00 2.845557e-04 1.819490e-02 -9.998344e-01 -6.753875e-01 9.996141e-01 -2.777985e-02 -2.210421e-04 4.728435e+01
-2.664077e-02 -9.994852e-01 -1.787613e-02 -1.237556e+00 2.188072e-03 1.782413e-02 -9.998388e-01 -6.773441e-01 9.996427e-01 -2.667559e-02 1.712097e-03 4.838013e+01
-2.752160e-02 -9.994947e-01 -1.590442e-02 -1.264137e+00 3.436176e-03 1.581576e-02 -9.998690e-01 -6.916776e-01 9.996153e-01 -2.757265e-02 2.999165e-03 4.944323e+01
-2.716069e-02 -9.995022e-01 -1.604736e-02 -1.293931e+00 2.574021e-03 1.598330e-02 -9.998689e-01 -6.993457e-01 9.996278e-01 -2.719843e-02 2.138622e-03 5.051350e+01
-2.641849e-02 -9.995112e-01 -1.671704e-02 -1.330360e+00 1.518123e-03 1.668274e-02 -9.998597e-01 -7.241167e-01 9.996498e-01 -2.644016e-02 1.076649e-03 5.160374e+01
-2.636851e-02 -9.995119e-01 -1.675474e-02 -1.360494e+00 -5.547097e-04 1.677520e-02 -9.998592e-01 -7.289363e-01 9.996521e-01 -2.635550e-02 -9.967759e-04 5.266983e+01
-2.552648e-02 -9.995512e-01 -1.567612e-02 -1.390582e+00 -2.466246e-03 1.574415e-02 -9.998730e-01 -7.463558e-01 9.996711e-01 -2.548457e-02 -2.867032e-03 5.374317e+01
-2.640879e-02 -9.995363e-01 -1.515938e-02 -1.427886e+00 -6.002524e-03 1.532296e-02 -9.998646e-01 -7.681706e-01 9.996332e-01 -2.631421e-02 -6.404401e-03 5.482582e+01
-2.524611e-02 -9.995870e-01 -1.372661e-02 -1.445426e+00 -7.658307e-03 1.392397e-02 -9.998738e-01 -7.949782e-01 9.996519e-01 -2.513780e-02 -8.006671e-03 5.589956e+01
-2.540642e-02 -9.996030e-01 -1.218396e-02 -1.480292e+00 -5.964249e-03 1.233924e-02 -9.999061e-01 -8.180077e-01 9.996594e-01 -2.533136e-02 -6.275377e-03 5.697819e+01
-2.546690e-02 -9.996108e-01 -1.138289e-02 -1.511050e+00 3.327757e-04 1.137810e-02 -9.999352e-01 -8.388841e-01 9.996756e-01 -2.546904e-02 4.288112e-05 5.809496e+01
-2.611021e-02 -9.996219e-01 -8.623662e-03 -1.544041e+00 5.255942e-03 8.489208e-03 -9.999502e-01 -8.443253e-01 9.996452e-01 -2.615424e-02 5.032300e-03 5.916648e+01
-2.502917e-02 -9.996645e-01 -6.665167e-03 -1.567661e+00 6.347097e-03 6.508213e-03 -9.999587e-01 -8.576638e-01 9.996666e-01 -2.507044e-02 6.182072e-03 6.024657e+01
-2.430551e-02 -9.996964e-01 -4.029773e-03 -1.581963e+00 3.991153e-03 3.933896e-03 -9.999843e-01 -8.678841e-01 9.996966e-01 -2.432121e-02 3.894326e-03 6.132327e+01
-2.447527e-02 -9.996924e-01 -4.018876e-03 -1.623836e+00 1.664864e-03 3.979315e-03 -9.999907e-01 -8.830366e-01 9.996991e-01 -2.448173e-02 1.566958e-03 6.240729e+01
-2.454967e-02 -9.996917e-01 -3.706884e-03 -1.654091e+00 -2.578489e-03 3.771309e-03 -9.999896e-01 -8.940809e-01 9.996953e-01 -2.453985e-02 -2.670279e-03 6.349907e+01
-2.436720e-02 -9.996935e-01 -4.384280e-03 -1.683210e+00 -6.495779e-03 4.543819e-03 -9.999686e-01 -9.098462e-01 9.996819e-01 -2.433795e-02 -6.604508e-03 6.455730e+01
-2.344932e-02 -9.997019e-01 -6.810528e-03 -1.711601e+00 -7.115890e-03 6.979133e-03 -9.999503e-01 -9.261538e-01 9.996997e-01 -2.339970e-02 -7.277424e-03 6.564324e+01
-2.246420e-02 -9.996871e-01 -1.100489e-02 -1.758352e+00 -3.949572e-03 1.109633e-02 -9.999306e-01 -9.502456e-01 9.997398e-01 -2.241918e-02 -4.197606e-03 6.674490e+01
-2.309774e-02 -9.996667e-01 -1.153484e-02 -1.785550e+00 -1.926551e-03 1.158241e-02 -9.999310e-01 -9.693614e-01 9.997314e-01 -2.307393e-02 -2.193436e-03 6.783904e+01
-2.221357e-02 -9.996908e-01 -1.116926e-02 -1.829191e+00 -1.244404e-03 1.119966e-02 -9.999365e-01 -9.856857e-01 9.997525e-01 -2.219826e-02 -1.492803e-03 6.893644e+01
-2.301654e-02 -9.996793e-01 -1.056104e-02 -1.858004e+00 9.461218e-05 1.056166e-02 -9.999442e-01 -1.007906e+00 9.997351e-01 -2.301626e-02 -1.485111e-04 7.000684e+01
-2.269496e-02 -9.996983e-01 -9.386878e-03 -1.891577e+00 1.055562e-03 9.365330e-03 -9.999556e-01 -1.022657e+00 9.997419e-01 -2.270386e-02 8.426979e-04 7.111064e+01
-2.353613e-02 -9.996852e-01 -8.686244e-03 -1.915623e+00 3.267143e-03 8.611691e-03 -9.999576e-01 -1.042055e+00 9.997177e-01 -2.356352e-02 3.063428e-03 7.220487e+01
-2.381991e-02 -9.996943e-01 -6.629366e-03 -1.945738e+00 4.991867e-03 6.512228e-03 -9.999663e-01 -1.049563e+00 9.997038e-01 -2.385220e-02 4.835220e-03 7.329126e+01
-2.441092e-02 -9.996859e-01 -5.678315e-03 -1.974865e+00 4.423673e-03 5.571936e-03 -9.999747e-01 -1.067666e+00 9.996922e-01 -2.443542e-02 4.286267e-03 7.437815e+01
-2.536518e-02 -9.996606e-01 -5.937643e-03 -2.005141e+00 7.660315e-04 5.920116e-03 -9.999822e-01 -1.080798e+00 9.996780e-01 -2.536928e-02 6.156067e-04 7.545365e+01
-2.566750e-02 -9.996498e-01 -6.446467e-03 -2.037844e+00 -1.166981e-03 6.478549e-03 -9.999783e-01 -1.094698e+00 9.996698e-01 -2.565942e-02 -1.332861e-03 7.651591e+01
-2.688449e-02 -9.995984e-01 -8.961784e-03 -2.081713e+00 6.297319e-04 8.948087e-03 -9.999598e-01 -1.119711e+00 9.996383e-01 -2.688905e-02 3.889143e-04 7.759811e+01
-2.688883e-02 -9.995764e-01 -1.113290e-02 -2.118856e+00 4.557584e-03 1.101423e-02 -9.999290e-01 -1.132305e+00 9.996281e-01 -2.693766e-02 4.259494e-03 7.868719e+01
-2.789836e-02 -9.995483e-01 -1.117134e-02 -2.162014e+00 7.826001e-03 1.095695e-02 -9.999093e-01 -1.139991e+00 9.995801e-01 -2.798326e-02 7.516786e-03 7.976331e+01
-2.844798e-02 -9.995345e-01 -1.101738e-02 -2.193766e+00 9.398023e-03 1.075391e-02 -9.998980e-01 -1.144281e+00 9.995511e-01 -2.854862e-02 9.087722e-03 8.080051e+01
-2.818986e-02 -9.995422e-01 -1.098390e-02 -2.228830e+00 7.474491e-03 1.077718e-02 -9.999140e-01 -1.151538e+00 9.995747e-01 -2.826954e-02 7.167262e-03 8.186144e+01
-2.915393e-02 -9.995044e-01 -1.187763e-02 -2.264637e+00 7.265643e-03 1.167047e-02 -9.999055e-01 -1.172097e+00 9.995486e-01 -2.923747e-02 6.921802e-03 8.291177e+01
-2.930710e-02 -9.994966e-01 -1.215184e-02 -2.296887e+00 6.945027e-03 1.195316e-02 -9.999045e-01 -1.179862e+00 9.995463e-01 -2.938869e-02 6.591218e-03 8.395548e+01
-3.084594e-02 -9.994704e-01 -1.036810e-02 -2.338942e+00 6.938084e-03 1.015868e-02 -9.999243e-01 -1.188232e+00 9.995001e-01 -3.091554e-02 6.621056e-03 8.496745e+01
-3.072675e-02 -9.994812e-01 -9.653806e-03 -2.369038e+00 8.973159e-03 9.382145e-03 -9.999157e-01 -1.199876e+00 9.994875e-01 -3.081078e-02 8.680221e-03 8.598628e+01
-3.138583e-02 -9.994686e-01 -8.796271e-03 -2.399847e+00 1.158377e-02 8.436284e-03 -9.998973e-01 -1.210508e+00 9.994402e-01 -3.148450e-02 1.131284e-02 8.698369e+01
-3.326349e-02 -9.994174e-01 -7.643523e-03 -2.446382e+00 1.268145e-02 7.225089e-03 -9.998935e-01 -1.216959e+00 9.993662e-01 -3.335688e-02 1.243373e-02 8.795689e+01
-3.437267e-02 -9.993834e-01 -7.169809e-03 -2.481944e+00 1.283572e-02 6.732009e-03 -9.998950e-01 -1.229025e+00 9.993266e-01 -3.446109e-02 1.259640e-02 8.891952e+01
-3.806612e-02 -9.992570e-01 -6.044728e-03 -2.514354e+00 1.267343e-02 5.565856e-03 -9.999042e-01 -1.236710e+00 9.991949e-01 -3.813908e-02 1.245214e-02 8.984789e+01
-4.132115e-02 -9.991305e-01 -5.537609e-03 -2.564383e+00 1.168433e-02 5.058748e-03 -9.999189e-01 -1.246409e+00 9.990776e-01 -4.138250e-02 1.146514e-02 9.075969e+01
-4.395686e-02 -9.990181e-01 -5.539428e-03 -2.605820e+00 1.189872e-02 5.020865e-03 -9.999166e-01 -1.255345e+00 9.989626e-01 -4.401911e-02 1.166633e-02 9.165378e+01
-4.754209e-02 -9.988467e-01 -6.719917e-03 -2.647659e+00 1.307819e-02 6.104494e-03 -9.998959e-01 -1.263301e+00 9.987836e-01 -4.762502e-02 1.277288e-02 9.250042e+01
-5.004665e-02 -9.987261e-01 -6.434359e-03 -2.694728e+00 1.364257e-02 5.758224e-03 -9.998903e-01 -1.267242e+00 9.986537e-01 -5.012894e-02 1.333701e-02 9.334700e+01
-5.359321e-02 -9.985369e-01 -7.199040e-03 -2.740447e+00 1.491152e-02 6.408311e-03 -9.998683e-01 -1.272149e+00 9.984515e-01 -5.369350e-02 1.454626e-02 9.415841e+01
-5.545207e-02 -9.984165e-01 -9.464874e-03 -2.795495e+00 1.605565e-02 8.586583e-03 -9.998342e-01 -1.281103e+00 9.983323e-01 -5.559484e-02 1.555409e-02 9.495581e+01
-5.899210e-02 -9.981973e-01 -1.105556e-02 -2.842870e+00 1.671338e-02 1.008568e-02 -9.998094e-01 -1.286245e+00 9.981185e-01 -5.916564e-02 1.608827e-02 9.572057e+01
-6.069605e-02 -9.980774e-01 -1.254944e-02 -2.897779e+00 1.573881e-02 1.161409e-02 -9.998087e-01 -1.293452e+00 9.980322e-01 -6.088195e-02 1.500362e-02 9.643556e+01
-6.358655e-02 -9.978838e-01 -1.358934e-02 -2.952054e+00 1.249167e-02 1.281999e-02 -9.998398e-01 -1.299822e+00 9.978982e-01 -6.374612e-02 1.165005e-02 9.715331e+01
-6.553625e-02 -9.977143e-01 -1.646569e-02 -3.004067e+00 9.242415e-03 1.589352e-02 -9.998310e-01 -1.310989e+00 9.978074e-01 -6.567735e-02 8.179689e-03 9.780970e+01
-6.804679e-02 -9.975142e-01 -1.830029e-02 -3.061101e+00 6.634644e-03 1.788996e-02 -9.998180e-01 -1.316645e+00 9.976600e-01 -6.815582e-02 5.400797e-03 9.844850e+01
-6.920079e-02 -9.974011e-01 -2.005941e-02 -3.107646e+00 5.460859e-03 1.972858e-02 -9.997904e-01 -1.326121e+00 9.975878e-01 -6.929583e-02 4.081433e-03 9.904671e+01
-6.884950e-02 -9.973835e-01 -2.204115e-02 -3.154742e+00 5.951919e-03 2.168253e-02 -9.997472e-01 -1.337374e+00 9.976093e-01 -6.896329e-02 4.443515e-03 9.964119e+01
-6.607958e-02 -9.974936e-01 -2.529801e-02 -3.199998e+00 7.002033e-03 2.488925e-02 -9.996657e-01 -1.342505e+00 9.977898e-01 -6.623463e-02 5.339812e-03 1.002142e+02
-6.142090e-02 -9.977267e-01 -2.772947e-02 -3.252514e+00 8.513322e-03 2.725723e-02 -9.995922e-01 -1.351655e+00 9.980757e-01 -6.163192e-02 6.819805e-03 1.007451e+02
-5.372730e-02 -9.981191e-01 -2.952591e-02 -3.283311e+00 1.049858e-02 2.900236e-02 -9.995242e-01 -1.355200e+00 9.985005e-01 -5.401171e-02 8.920611e-03 1.012609e+02
-4.402726e-02 -9.986085e-01 -2.903048e-02 -3.309206e+00 1.283551e-02 2.849084e-02 -9.995117e-01 -1.362326e+00 9.989479e-01 -4.437838e-02 1.156328e-02 1.017513e+02
-3.232569e-02 -9.990649e-01 -2.871400e-02 -3.322898e+00 1.389142e-02 2.827714e-02 -9.995036e-01 -1.367613e+00 9.993808e-01 -3.270852e-02 1.296435e-02 1.022356e+02
-1.942346e-02 -9.994329e-01 -2.750555e-02 -3.336598e+00 1.454643e-02 2.722535e-02 -9.995235e-01 -1.371303e+00 9.997055e-01 -1.981431e-02 1.400937e-02 1.026789e+02
-3.689242e-03 -9.996228e-01 -2.721514e-02 -3.329063e+00 1.415119e-02 2.716041e-02 -9.995309e-01 -1.379763e+00 9.998931e-01 -4.072638e-03 1.404565e-02 1.031181e+02
1.374202e-02 -9.995577e-01 -2.637281e-02 -3.323295e+00 1.168695e-02 2.653406e-02 -9.995796e-01 -1.383001e+00 9.998373e-01 1.342803e-02 1.204642e-02 1.035255e+02
3.443440e-02 -9.990867e-01 -2.529743e-02 -3.304052e+00 7.732523e-03 2.557802e-02 -9.996429e-01 -1.389967e+00 9.993771e-01 3.422650e-02 8.606225e-03 1.039316e+02
5.801279e-02 -9.980444e-01 -2.327685e-02 -3.281852e+00 3.379280e-03 2.351231e-02 -9.997178e-01 -1.391806e+00 9.983101e-01 5.791776e-02 4.736686e-03 1.043483e+02
8.636606e-02 -9.960142e-01 -2.228332e-02 -3.227102e+00 2.917746e-04 2.239218e-02 -9.997492e-01 -1.403489e+00 9.962634e-01 8.633790e-02 2.224536e-03 1.047361e+02
1.162924e-01 -9.930187e-01 -1.974710e-02 -3.154651e+00 -9.374889e-04 1.977224e-02 -9.998041e-01 -1.408427e+00 9.932145e-01 1.162882e-01 1.368418e-03 1.051321e+02
1.487247e-01 -9.887266e-01 -1.733938e-02 -3.093936e+00 -2.426224e-03 1.716949e-02 -9.998497e-01 -1.412838e+00 9.888756e-01 1.487445e-01 1.546567e-04 1.054881e+02
1.844721e-01 -9.827343e-01 -1.426020e-02 -3.010396e+00 -3.585358e-03 1.383623e-02 -9.998978e-01 -1.413985e+00 9.828312e-01 1.845044e-01 -9.710543e-04 1.058774e+02
2.223897e-01 -9.748771e-01 -1.254885e-02 -2.891673e+00 -4.672181e-03 1.180538e-02 -9.999194e-01 -1.431834e+00 9.749467e-01 2.224304e-01 -1.929409e-03 1.062265e+02
2.629161e-01 -9.647688e-01 -9.812396e-03 -2.768446e+00 -5.233265e-03 8.744041e-03 -9.999481e-01 -1.442691e+00 9.648045e-01 2.629538e-01 -2.749942e-03 1.065910e+02
3.038049e-01 -9.526760e-01 -1.053885e-02 -2.642819e+00 -6.400383e-03 9.020628e-03 -9.999388e-01 -1.453717e+00 9.527128e-01 3.038538e-01 -3.356979e-03 1.069221e+02
3.473318e-01 -9.376526e-01 -1.297126e-02 -2.516529e+00 -7.189061e-03 1.116952e-02 -9.999118e-01 -1.458363e+00 9.377148e-01 3.473943e-01 -2.861314e-03 1.072671e+02
3.921329e-01 -9.198226e-01 -1.257758e-02 -2.361306e+00 -5.738320e-03 1.122651e-02 -9.999205e-01 -1.467984e+00 9.198906e-01 3.921739e-01 -8.759515e-04 1.076057e+02
4.360036e-01 -8.998628e-01 -1.215489e-02 -2.186930e+00 -4.968187e-03 1.109930e-02 -9.999260e-01 -1.467015e+00 8.999312e-01 4.360317e-01 3.686485e-04 1.078999e+02
4.807125e-01 -8.768128e-01 -1.072108e-02 -1.981099e+00 -5.414922e-03 9.257897e-03 -9.999425e-01 -1.478838e+00 8.768616e-01 4.807429e-01 -2.974859e-04 1.082223e+02
5.233374e-01 -8.520633e-01 -1.030080e-02 -1.800548e+00 -6.982049e-03 7.800201e-03 -9.999452e-01 -1.484621e+00 8.520970e-01 5.233806e-01 -1.867010e-03 1.084838e+02
5.658235e-01 -8.244335e-01 -1.237718e-02 -1.562927e+00 -9.818497e-03 8.273100e-03 -9.999176e-01 -1.501542e+00 8.244680e-01 5.658984e-01 -3.413584e-03 1.087710e+02
6.074917e-01 -7.941645e-01 -1.602027e-02 -1.346437e+00 -1.347106e-02 9.865056e-03 -9.998606e-01 -1.512215e+00 7.942118e-01 6.076228e-01 -4.705299e-03 1.090111e+02
6.489471e-01 -7.605272e-01 -2.158917e-02 -1.107011e+00 -1.737183e-02 1.355708e-02 -9.997572e-01 -1.518087e+00 7.606352e-01 6.491646e-01 -4.413925e-03 1.092834e+02
6.899185e-01 -7.233967e-01 -2.663746e-02 -8.703780e-01 -2.079746e-02 1.697451e-02 -9.996396e-01 -1.516905e+00 7.235882e-01 6.902239e-01 -3.333785e-03 1.095068e+02
7.288715e-01 -6.841135e-01 -2.711309e-02 -5.790881e-01 -2.232039e-02 1.583691e-02 -9.996254e-01 -1.537684e+00 6.842867e-01 7.292036e-01 -3.726607e-03 1.097277e+02
7.651787e-01 -6.433441e-01 -2.469474e-02 -2.747627e-01 -2.147463e-02 1.283153e-02 -9.996871e-01 -1.553427e+00 6.434596e-01 7.654696e-01 -3.997161e-03 1.099332e+02
7.997254e-01 -5.999452e-01 -2.247465e-02 3.307886e-02 -1.923496e-02 1.181147e-02 -9.997452e-01 -1.554951e+00 6.000578e-01 7.999539e-01 -2.093991e-03 1.101399e+02
8.323709e-01 -5.538304e-01 -2.074725e-02 3.825208e-01 -1.706613e-02 1.180403e-02 -9.997847e-01 -1.574457e+00 5.539561e-01 8.325458e-01 3.735923e-04 1.103502e+02
8.621402e-01 -5.063277e-01 -1.861347e-02 6.875315e-01 -1.497851e-02 1.125087e-02 -9.998245e-01 -1.572533e+00 5.064483e-01 8.622677e-01 2.115787e-03 1.105040e+02
8.900702e-01 -4.556373e-01 -1.302631e-02 1.064858e+00 -1.000082e-02 9.050399e-03 -9.999090e-01 -1.601844e+00 4.557137e-01 8.901195e-01 3.498746e-03 1.106689e+02
9.150743e-01 -4.030804e-01 -1.285129e-02 1.402596e+00 -9.169644e-03 1.106245e-02 -9.998968e-01 -1.599584e+00 4.031810e-01 9.150977e-01 6.426862e-03 1.107926e+02
9.361055e-01 -3.513514e-01 -1.608155e-02 1.796166e+00 -1.164352e-02 1.474067e-02 -9.998236e-01 -1.620236e+00 3.515264e-01 9.361277e-01 9.707862e-03 1.109372e+02
9.530175e-01 -3.021906e-01 -2.094013e-02 2.173906e+00 -1.629200e-02 1.789415e-02 -9.997072e-01 -1.617397e+00 3.024768e-01 9.530796e-01 1.213014e-02 1.110562e+02
9.665477e-01 -2.554619e-01 -2.291012e-02 2.571741e+00 -1.919311e-02 1.703392e-02 -9.996707e-01 -1.626282e+00 2.557680e-01 9.666691e-01 1.156099e-02 1.111529e+02
9.768069e-01 -2.129395e-01 -2.247364e-02 3.022585e+00 -2.064450e-02 1.080986e-02 -9.997284e-01 -1.643632e+00 2.131246e-01 9.770056e-01 6.163116e-03 1.112165e+02
9.837937e-01 -1.779454e-01 -2.203377e-02 3.428676e+00 -2.177803e-02 3.390518e-03 -9.997571e-01 -1.650837e+00 1.779769e-01 9.840345e-01 -5.397300e-04 1.112478e+02
9.889493e-01 -1.465052e-01 -2.270596e-02 3.888562e+00 -2.293573e-02 1.208715e-04 -9.997369e-01 -1.668908e+00 1.464694e-01 9.892099e-01 -3.240669e-03 1.113210e+02
9.926589e-01 -1.190785e-01 -2.118352e-02 4.333431e+00 -2.119399e-02 1.178579e-03 -9.997747e-01 -1.690658e+00 1.190767e-01 9.928842e-01 -1.353822e-03 1.113523e+02
9.954157e-01 -9.372241e-02 -1.906992e-02 4.828617e+00 -1.861444e-02 5.731788e-03 -9.998103e-01 -1.705459e+00 9.381393e-02 9.955819e-01 3.960921e-03 1.113949e+02
9.974360e-01 -6.980450e-02 -1.577438e-02 5.334233e+00 -1.510858e-02 1.005592e-02 -9.998353e-01 -1.712452e+00 6.995162e-02 9.975100e-01 8.975487e-03 1.114330e+02
9.987487e-01 -4.839783e-02 -1.259786e-02 5.847626e+00 -1.226125e-02 7.245768e-03 -9.998986e-01 -1.722329e+00 4.848420e-02 9.988018e-01 6.643284e-03 1.114492e+02
9.995254e-01 -2.837599e-02 -1.198934e-02 6.395195e+00 -1.193618e-02 2.042178e-03 -9.999267e-01 -1.730319e+00 2.839839e-02 9.995952e-01 1.702508e-03 1.114455e+02
9.998732e-01 -8.593117e-03 -1.340611e-02 6.960308e+00 -1.344377e-02 -4.340048e-03 -9.999002e-01 -1.742481e+00 8.534077e-03 9.999537e-01 -4.455022e-03 1.114359e+02
9.998097e-01 5.881203e-03 -1.860026e-02 7.524512e+00 -1.856124e-02 -6.620625e-03 -9.998058e-01 -1.756094e+00 -6.003207e-03 9.999608e-01 -6.510202e-03 1.114188e+02
9.995820e-01 1.753254e-02 -2.298796e-02 8.132154e+00 -2.293096e-02 -3.445287e-03 -9.997311e-01 -1.764386e+00 -1.760702e-02 9.998404e-01 -3.041809e-03 1.114194e+02
9.994642e-01 2.340765e-02 -2.287966e-02 8.725139e+00 -2.280390e-02 -3.498412e-03 -9.997339e-01 -1.780706e+00 -2.348146e-02 9.997199e-01 -2.962752e-03 1.114014e+02
9.994474e-01 2.646817e-02 -2.010812e-02 9.356407e+00 -1.984996e-02 -9.980719e-03 -9.997532e-01 -1.790568e+00 -2.666233e-02 9.995998e-01 -9.449812e-03 1.113718e+02
9.994662e-01 2.673739e-02 -1.877008e-02 1.001955e+01 -1.846458e-02 -1.162768e-02 -9.997619e-01 -1.804306e+00 -2.694928e-02 9.995748e-01 -1.112778e-02 1.113583e+02
9.995404e-01 2.445321e-02 -1.791457e-02 1.068020e+01 -1.765809e-02 -1.066453e-02 -9.997872e-01 -1.836167e+00 -2.463906e-02 9.996441e-01 -1.022784e-02 1.113535e+02
9.995453e-01 2.366024e-02 -1.869220e-02 1.136037e+01 -1.852559e-02 -7.241570e-03 -9.998022e-01 -1.848429e+00 -2.379092e-02 9.996938e-01 -6.799958e-03 1.113528e+02
9.995884e-01 2.136444e-02 -1.914417e-02 1.207587e+01 -1.897151e-02 -8.255048e-03 -9.997860e-01 -1.856618e+00 -2.151790e-02 9.997377e-01 -7.846334e-03 1.113267e+02
9.995833e-01 2.053287e-02 -2.028977e-02 1.279133e+01 -2.016360e-02 -6.333106e-03 -9.997767e-01 -1.888692e+00 -2.065678e-02 9.997691e-01 -5.916450e-03 1.113166e+02
9.995956e-01 2.034441e-02 -1.987016e-02 1.353807e+01 -1.973970e-02 -6.593660e-03 -9.997834e-01 -1.911564e+00 -2.047103e-02 9.997713e-01 -6.189400e-03 1.113140e+02
9.996392e-01 1.952569e-02 -1.844555e-02 1.429392e+01 -1.836805e-02 -4.141063e-03 -9.998227e-01 -1.931406e+00 -1.959862e-02 9.998008e-01 -3.780920e-03 1.113027e+02
9.996616e-01 1.945131e-02 -1.727222e-02 1.506351e+01 -1.717681e-02 -5.061490e-03 -9.998397e-01 -1.948532e+00 -1.953562e-02 9.997980e-01 -4.725666e-03 1.112840e+02
9.996995e-01 1.937400e-02 -1.501990e-02 1.584834e+01 -1.490641e-02 -5.988926e-03 -9.998710e-01 -1.971323e+00 -1.946146e-02 9.997944e-01 -5.698330e-03 1.112765e+02
9.996975e-01 2.017847e-02 -1.406191e-02 1.663834e+01 -1.395026e-02 -5.663331e-03 -9.998866e-01 -1.991538e+00 -2.025582e-02 9.997804e-01 -5.380122e-03 1.112731e+02
9.996793e-01 2.188694e-02 -1.274177e-02 1.744848e+01 -1.267132e-02 -3.354160e-03 -9.999141e-01 -2.001856e+00 -2.192780e-02 9.997548e-01 -3.075748e-03 1.112569e+02
9.996992e-01 2.213385e-02 -1.056767e-02 1.826944e+01 -1.048577e-02 -3.812899e-03 -9.999378e-01 -2.012333e+00 -2.217277e-02 9.997478e-01 -3.579661e-03 1.112391e+02
9.996938e-01 2.339087e-02 -8.068571e-03 1.906168e+01 -7.919567e-03 -6.455845e-03 -9.999478e-01 -2.035150e+00 -2.344174e-02 9.997056e-01 -6.268623e-03 1.112164e+02
9.996658e-01 2.466544e-02 -7.742151e-03 1.990254e+01 -7.612035e-03 -5.364786e-03 -9.999566e-01 -2.056087e+00 -2.470591e-02 9.996814e-01 -5.175239e-03 1.112079e+02
9.995663e-01 2.705531e-02 -1.163400e-02 2.070517e+01 -1.153734e-02 -3.726224e-03 -9.999265e-01 -2.069567e+00 -2.709667e-02 9.996270e-01 -3.412462e-03 1.111947e+02
9.994870e-01 2.790657e-02 -1.571149e-02 2.152743e+01 -1.565032e-02 -2.408883e-03 -9.998747e-01 -2.089652e+00 -2.794092e-02 9.996076e-01 -1.970900e-03 1.111809e+02
9.994630e-01 2.799024e-02 -1.703685e-02 2.237261e+01 -1.700961e-02 -1.210791e-03 -9.998546e-01 -2.108315e+00 -2.800680e-02 9.996074e-01 -7.340376e-04 1.111621e+02
9.994408e-01 2.972283e-02 -1.531468e-02 2.322299e+01 -1.538786e-02 2.235008e-03 -9.998791e-01 -2.137697e+00 -2.968501e-02 9.995557e-01 2.691129e-03 1.111516e+02
9.994786e-01 3.020692e-02 -1.140756e-02 2.408318e+01 -1.153181e-02 3.942159e-03 -9.999257e-01 -2.149046e+00 -3.015971e-02 9.995359e-01 4.288444e-03 1.111355e+02
9.994931e-01 3.104479e-02 -7.049858e-03 2.494869e+01 -7.192594e-03 4.488490e-03 -9.999641e-01 -2.170339e+00 -3.101203e-02 9.995079e-01 4.709507e-03 1.111135e+02
9.995615e-01 2.953507e-02 -2.096966e-03 2.578342e+01 -2.312055e-03 7.250241e-03 -9.999710e-01 -2.179723e+00 -2.951901e-02 9.995375e-01 7.315349e-03 1.110953e+02
9.995572e-01 2.974521e-02 8.142859e-04 2.664050e+01 5.381181e-04 9.291271e-03 -9.999567e-01 -2.197572e+00 -2.975148e-02 9.995143e-01 9.271150e-03 1.110804e+02
9.995427e-01 2.971313e-02 -5.612506e-03 2.746782e+01 -5.856178e-03 8.120168e-03 -9.999499e-01 -2.218840e+00 -2.966607e-02 9.995255e-01 8.290460e-03 1.110578e+02
9.994356e-01 2.925465e-02 -1.651071e-02 2.829407e+01 -1.668710e-02 5.795590e-03 -9.998440e-01 -2.237465e+00 -2.915440e-02 9.995552e-01 6.280494e-03 1.110311e+02
9.993727e-01 2.930970e-02 -1.987642e-02 2.912706e+01 -1.998202e-02 3.314320e-03 -9.997948e-01 -2.263741e+00 -2.923781e-02 9.995649e-01 3.897908e-03 1.110241e+02
9.994755e-01 2.761972e-02 -1.690606e-02 2.996050e+01 -1.698653e-02 2.681396e-03 -9.998521e-01 -2.281875e+00 -2.757031e-02 9.996149e-01 3.149153e-03 1.110093e+02
9.995866e-01 2.690692e-02 -1.013558e-02 3.081186e+01 -1.012933e-02 -3.682812e-04 -9.999486e-01 -2.300558e+00 -2.690927e-02 9.996379e-01 -9.557971e-05 1.109833e+02
9.996170e-01 2.651943e-02 -7.902524e-03 3.164838e+01 -7.863227e-03 -1.585727e-03 -9.999678e-01 -2.322081e+00 -2.653110e-02 9.996470e-01 -1.376591e-03 1.109660e+02
9.996465e-01 2.587353e-02 -6.109506e-03 3.246108e+01 -6.072668e-03 -1.502135e-03 -9.999804e-01 -2.340155e+00 -2.588220e-02 9.996641e-01 -1.344483e-03 1.109435e+02
9.995848e-01 2.801691e-02 -6.729512e-03 3.327241e+01 -6.739742e-03 2.707440e-04 -9.999772e-01 -2.355754e+00 -2.801445e-02 9.996074e-01 4.594583e-04 1.109248e+02
9.995720e-01 2.841960e-02 -6.937147e-03 3.409351e+01 -7.049271e-03 3.847023e-03 -9.999678e-01 -2.380361e+00 -2.839200e-02 9.995887e-01 4.045714e-03 1.109172e+02
9.994792e-01 3.157115e-02 -6.673922e-03 3.488816e+01 -6.867830e-03 6.037491e-03 -9.999582e-01 -2.396050e+00 -3.152954e-02 9.994833e-01 6.251173e-03 1.108967e+02
9.994109e-01 3.355283e-02 -7.214229e-03 3.569189e+01 -7.412936e-03 5.801585e-03 -9.999557e-01 -2.417205e+00 -3.350949e-02 9.994201e-01 6.046892e-03 1.108668e+02
9.993579e-01 3.511881e-02 -7.095513e-03 3.649210e+01 -7.345442e-03 6.992761e-03 -9.999486e-01 -2.436122e+00 -3.506739e-02 9.993587e-01 7.246234e-03 1.108446e+02
9.992604e-01 3.789794e-02 -6.513313e-03 3.730177e+01 -6.795883e-03 7.332031e-03 -9.999501e-01 -2.455599e+00 -3.784829e-02 9.992547e-01 7.584158e-03 1.108180e+02
9.992600e-01 3.809590e-02 -5.306954e-03 3.807822e+01 -5.583670e-03 7.160966e-03 -9.999588e-01 -2.471889e+00 -3.805633e-02 9.992484e-01 7.368382e-03 1.107991e+02
9.991309e-01 4.134183e-02 -5.314536e-03 3.886048e+01 -5.652574e-03 8.064060e-03 -9.999515e-01 -2.489959e+00 -4.129697e-02 9.991125e-01 8.290739e-03 1.107632e+02
9.990427e-01 4.330777e-02 -6.166962e-03 3.964534e+01 -6.513018e-03 7.854077e-03 -9.999480e-01 -2.509087e+00 -4.325708e-02 9.990309e-01 8.128623e-03 1.107357e+02
9.989648e-01 4.502994e-02 -6.458469e-03 4.043637e+01 -6.809052e-03 7.636523e-03 -9.999477e-01 -2.522836e+00 -4.497826e-02 9.989564e-01 7.935229e-03 1.107072e+02
9.989492e-01 4.556913e-02 -4.892256e-03 4.119848e+01 -5.207621e-03 6.804460e-03 -9.999633e-01 -2.543038e+00 -4.553416e-02 9.989380e-01 7.034617e-03 1.106670e+02
9.988923e-01 4.687028e-02 -4.167488e-03 4.196770e+01 -4.458843e-03 6.113362e-03 -9.999714e-01 -2.566637e+00 -4.684347e-02 9.988823e-01 6.315578e-03 1.106336e+02
9.987861e-01 4.910875e-02 -3.831054e-03 4.273136e+01 -4.172299e-03 6.848124e-03 -9.999679e-01 -2.578086e+00 -4.908094e-02 9.987699e-01 7.044707e-03 1.106049e+02
9.987690e-01 4.951246e-02 -2.976436e-03 4.347702e+01 -3.399493e-03 8.462442e-03 -9.999584e-01 -2.598497e+00 -4.948522e-02 9.987376e-01 8.620343e-03 1.105702e+02
9.987077e-01 5.076231e-02 -2.479844e-03 4.420577e+01 -2.909733e-03 8.396505e-03 -9.999605e-01 -2.618546e+00 -5.073949e-02 9.986755e-01 8.533360e-03 1.105418e+02
9.986972e-01 5.100963e-02 -1.391515e-03 4.491240e+01 -1.906972e-03 1.005784e-02 -9.999476e-01 -2.624509e+00 -5.099296e-02 9.986475e-01 1.014201e-02 1.105059e+02
9.986296e-01 5.216013e-02 -4.274727e-03 4.562823e+01 -4.787677e-03 9.713154e-03 -9.999413e-01 -2.649956e+00 -5.211555e-02 9.985915e-01 9.949570e-03 1.104720e+02
9.986390e-01 5.182644e-02 -5.842192e-03 4.633207e+01 -6.360718e-03 9.845752e-03 -9.999313e-01 -2.662289e+00 -5.176536e-02 9.986076e-01 1.016201e-02 1.104403e+02
9.986058e-01 5.217309e-02 -8.024133e-03 4.702147e+01 -8.630136e-03 1.140036e-02 -9.998978e-01 -2.677531e+00 -5.207628e-02 9.985730e-01 1.183472e-02 1.104161e+02
9.985824e-01 5.254045e-02 -8.525556e-03 4.771181e+01 -9.106033e-03 1.081873e-02 -9.999000e-01 -2.698498e+00 -5.244296e-02 9.985602e-01 1.128183e-02 1.103834e+02
9.986127e-01 5.196871e-02 -8.479114e-03 4.840305e+01 -8.996257e-03 9.725221e-03 -9.999123e-01 -2.715972e+00 -5.188169e-02 9.986014e-01 1.017925e-02 1.103542e+02
9.985811e-01 5.260403e-02 -8.284295e-03 4.908073e+01 -8.734411e-03 8.332546e-03 -9.999272e-01 -2.731663e+00 -5.253117e-02 9.985807e-01 8.780188e-03 1.103244e+02
9.986026e-01 5.210363e-02 -8.832737e-03 4.976148e+01 -9.460494e-03 1.181394e-02 -9.998854e-01 -2.747053e+00 -5.199331e-02 9.985718e-01 1.229036e-02 1.102956e+02
9.985907e-01 5.236257e-02 -8.645621e-03 5.045493e+01 -9.355589e-03 1.332877e-02 -9.998674e-01 -2.761773e+00 -5.224039e-02 9.985392e-01 1.379987e-02 1.102667e+02
9.986226e-01 5.198448e-02 -7.109883e-03 5.110629e+01 -7.758518e-03 1.228633e-02 -9.998944e-01 -2.779353e+00 -5.189164e-02 9.985723e-01 1.267273e-02 1.102353e+02
9.985516e-01 5.340691e-02 -6.512342e-03 5.180082e+01 -7.178398e-03 1.228902e-02 -9.998987e-01 -2.799256e+00 -5.332147e-02 9.984972e-01 1.265459e-02 1.102009e+02
9.983568e-01 5.696571e-02 -6.212979e-03 5.246490e+01 -7.152407e-03 1.630210e-02 -9.998415e-01 -2.818089e+00 -5.685540e-02 9.982430e-01 1.668275e-02 1.101707e+02
9.980453e-01 6.220813e-02 -5.985647e-03 5.314549e+01 -7.191432e-03 1.917727e-02 -9.997903e-01 -2.828043e+00 -6.208030e-02 9.978790e-01 1.958715e-02 1.101418e+02
9.975993e-01 6.883477e-02 -7.575430e-03 5.381522e+01 -8.836256e-03 1.803072e-02 -9.997984e-01 -2.843174e+00 -6.868430e-02 9.974651e-01 1.859567e-02 1.100995e+02
9.971535e-01 7.466862e-02 -1.046061e-02 5.447136e+01 -1.164700e-02 1.547108e-02 -9.998125e-01 -2.856685e+00 -7.449279e-02 9.970884e-01 1.629670e-02 1.100511e+02
9.965797e-01 8.176454e-02 -1.197692e-02 5.515037e+01 -1.342058e-02 1.712960e-02 -9.997632e-01 -2.870126e+00 -8.154002e-02 9.965045e-01 1.816834e-02 1.100063e+02
9.961028e-01 8.738846e-02 -1.193275e-02 5.584407e+01 -1.369811e-02 1.962949e-02 -9.997135e-01 -2.888800e+00 -8.712919e-02 9.959809e-01 2.075005e-02 1.099509e+02
9.956089e-01 9.294449e-02 -1.114754e-02 5.652051e+01 -1.300658e-02 1.941990e-02 -9.997268e-01 -2.898866e+00 -9.270261e-02 9.954819e-01 2.054351e-02 1.098887e+02
9.952098e-01 9.707390e-02 -1.157796e-02 5.721062e+01 -1.367156e-02 2.092980e-02 -9.996875e-01 -2.914296e+00 -9.680124e-02 9.950571e-01 2.215669e-02 1.098304e+02
9.948459e-01 1.007630e-01 -1.133198e-02 5.788943e+01 -1.365507e-02 2.239522e-02 -9.996560e-01 -2.928471e+00 -1.004746e-01 9.946584e-01 2.365571e-02 1.097669e+02
9.945471e-01 1.039870e-01 -7.917334e-03 5.859230e+01 -1.017630e-02 2.121098e-02 -9.997233e-01 -2.952470e+00 -1.037903e-01 9.943525e-01 2.215352e-02 1.096990e+02
9.943231e-01 1.062966e-01 -4.759805e-03 5.930808e+01 -7.021755e-03 2.091550e-02 -9.997566e-01 -2.964612e+00 -1.061712e-01 9.941145e-01 2.154315e-02 1.096190e+02
9.941807e-01 1.077024e-01 -2.215463e-03 6.002335e+01 -4.368194e-03 1.975596e-02 -9.997953e-01 -2.981825e+00 -1.076366e-01 9.939868e-01 2.011146e-02 1.095538e+02
9.940499e-01 1.089171e-01 -1.342610e-03 6.072704e+01 -3.492814e-03 1.955329e-02 -9.998027e-01 -2.996277e+00 -1.088693e-01 9.938585e-01 1.981737e-02 1.094805e+02
9.939125e-01 1.101155e-01 -3.541858e-03 6.146614e+01 -5.668737e-03 1.900792e-02 -9.998032e-01 -3.010953e+00 -1.100265e-01 9.937370e-01 1.951642e-02 1.094063e+02
9.938784e-01 1.101903e-01 -7.994256e-03 6.219618e+01 -9.737585e-03 1.529202e-02 -9.998357e-01 -3.019726e+00 -1.100499e-01 9.937929e-01 1.627140e-02 1.093199e+02
9.939015e-01 1.095885e-01 -1.225545e-02 6.293237e+01 -1.337974e-02 9.529733e-03 -9.998651e-01 -3.032749e+00 -1.094570e-01 9.939314e-01 1.093788e-02 1.092319e+02
9.936724e-01 1.114812e-01 -1.368015e-02 6.367709e+01 -1.451083e-02 6.643278e-03 -9.998726e-01 -3.058886e+00 -1.113761e-01 9.937443e-01 8.218926e-03 1.091447e+02
9.937010e-01 1.113971e-01 -1.220567e-02 6.444698e+01 -1.305889e-02 6.932769e-03 -9.998907e-01 -3.076343e+00 -1.113003e-01 9.937518e-01 8.343821e-03 1.090674e+02
9.937817e-01 1.110503e-01 -8.107839e-03 6.518632e+01 -9.018099e-03 7.696991e-03 -9.999297e-01 -3.088760e+00 -1.109801e-01 9.937850e-01 8.650592e-03 1.089913e+02
9.938304e-01 1.106767e-01 -7.197716e-03 6.593126e+01 -7.751239e-03 4.571814e-03 -9.999595e-01 -3.098873e+00 -1.106393e-01 9.938459e-01 5.401489e-03 1.089104e+02
9.937892e-01 1.111556e-01 -5.245154e-03 6.668697e+01 -5.561767e-03 2.538498e-03 -9.999813e-01 -3.126023e+00 -1.111402e-01 9.937998e-01 3.140954e-03 1.088262e+02
9.934984e-01 1.136102e-01 -7.329506e-03 6.742992e+01 -7.603118e-03 1.975224e-03 -9.999691e-01 -3.127683e+00 -1.135922e-01 9.935234e-01 2.826173e-03 1.087530e+02
9.932656e-01 1.156285e-01 -7.314704e-03 6.816975e+01 -7.659483e-03 2.537742e-03 -9.999675e-01 -3.145658e+00 -1.156062e-01 9.932893e-01 3.406306e-03 1.086702e+02
9.929268e-01 1.184808e-01 -7.660092e-03 6.890733e+01 -7.974568e-03 2.180372e-03 -9.999658e-01 -3.162891e+00 -1.184601e-01 9.929540e-01 3.109784e-03 1.085840e+02
9.927938e-01 1.196116e-01 -7.313087e-03 6.963914e+01 -7.562862e-03 1.634412e-03 -9.999701e-01 -3.185117e+00 -1.195961e-01 9.928194e-01 2.527240e-03 1.084990e+02
9.925104e-01 1.219459e-01 -7.238246e-03 7.038205e+01 -7.645908e-03 2.875363e-03 -9.999666e-01 -3.199651e+00 -1.219210e-01 9.925326e-01 3.786215e-03 1.084114e+02
9.922829e-01 1.237667e-01 -7.513654e-03 7.114153e+01 -8.239610e-03 5.354694e-03 -9.999517e-01 -3.207942e+00 -1.237205e-01 9.922969e-01 6.333160e-03 1.083252e+02
9.921377e-01 1.248484e-01 -8.702893e-03 7.189974e+01 -9.466545e-03 5.524660e-03 -9.999399e-01 -3.225931e+00 -1.247929e-01 9.921604e-01 6.663107e-03 1.082348e+02
9.920156e-01 1.258171e-01 -8.668826e-03 7.266416e+01 -9.481646e-03 5.862911e-03 -9.999378e-01 -3.253246e+00 -1.257584e-01 9.920362e-01 7.009052e-03 1.081442e+02
9.918877e-01 1.267948e-01 -9.053051e-03 7.342430e+01 -9.901837e-03 6.065460e-03 -9.999326e-01 -3.275365e+00 -1.267313e-01 9.919105e-01 7.271756e-03 1.080539e+02
9.916897e-01 1.284114e-01 -7.872041e-03 7.420623e+01 -8.715096e-03 6.004688e-03 -9.999440e-01 -3.297430e+00 -1.283570e-01 9.917028e-01 7.073905e-03 1.079477e+02
9.916247e-01 1.290234e-01 -5.794564e-03 7.497434e+01 -6.809662e-03 7.427791e-03 -9.999492e-01 -3.305707e+00 -1.289738e-01 9.916137e-01 8.244186e-03 1.078700e+02
