0.000000e+00 -1.000000e+00 0.000000e+00 0.000000e+00 0.000000e+00 0.000000e+00 -1.000000e+00 0.000000e+00 1.000000e+00 0.000000e+00 0.000000e+00 0.000000e+00
5.900858e-03 -9.999818e-01 1.295865e-03 1.424012e-02 1.313018e-03 -1.288138e-03 -9.999983e-01 -9.603709e-04 9.999817e-01 5.902549e-03 1.305393e-03 1.707596e-01
1.172317e-02 -9.999245e-01 3.679102e-03 2.714080e-02 1.301248e-03 -3.664096e-03 -9.999924e-01 -2.918056e-03 9.999304e-01 1.172787e-02 1.258195e-03 4.345607e-01
1.727969e-02 -9.998261e-01 7.011750e-03 3.310933e-02 9.228422e-05 -7.011203e-03 -9.999754e-01 -9.554558e-03 9.998507e-01 1.727992e-02 -2.888326e-05 8.251268e-01
1.656828e-02 -9.998236e-01 8.850453e-03 3.303779e-02 -1.019421e-03 -8.868556e-03 -9.999601e-01 -1.528357e-02 9.998622e-01 1.655860e-02 -1.166178e-03 1.177480e+00
9.517526e-03 -9.998973e-01 1.071741e-02 4.180173e-02 -2.224780e-03 -1.073904e-02 -9.999399e-01 -1.426549e-02 9.999523e-01 9.493110e-03 -2.326761e-03 1.494429e+00
-1.836480e-03 -9.999207e-01 1.246239e-02 4.948959e-02 -4.365677e-03 -1.245428e-02 -9.999129e-01 -2.310702e-02 9.999888e-01 -1.890727e-03 -4.342458e-03 1.810603e+00
-1.693598e-02 -9.997877e-01 1.173702e-02 4.516105e-02 -4.678884e-03 -1.165933e-02 -9.999211e-01 -2.826780e-02 9.998456e-01 -1.698956e-02 -4.480428e-03 2.134186e+00
-3.621464e-02 -9.993051e-01 8.817225e-03 -1.696671e-03 -4.515836e-03 -8.659282e-03 -9.999523e-01 -3.183633e-02 9.993339e-01 -3.625273e-02 -4.199105e-03 2.494316e+00
-5.611364e-02 -9.984084e-01 5.645674e-03 -3.371499e-02 -6.211301e-03 -5.305391e-03 -9.999666e-01 -3.651831e-02 9.984050e-01 -5.614684e-02 -5.903710e-03 2.856490e+00
-7.571405e-02 -9.971160e-01 5.193172e-03 -6.246712e-02 -6.676998e-03 -4.701013e-03 -9.999667e-01 -3.627748e-02 9.971072e-01 -7.574620e-02 -6.301809e-03 3.209510e+00
-9.688328e-02 -9.952831e-01 5.018771e-03 -1.039796e-01 -6.188386e-03 -4.440017e-03 -9.999710e-01 -4.549856e-02 9.952765e-01 -9.691153e-02 -5.729033e-03 3.579458e+00
-1.170126e-01 -9.931086e-01 6.580782e-03 -1.589957e-01 -5.520772e-03 -5.975745e-03 -9.999669e-01 -5.470979e-02 9.931151e-01 -1.170451e-01 -4.783488e-03 3.958328e+00
-1.344690e-01 -9.909018e-01 5.631047e-03 -2.217432e-01 -4.924312e-03 -5.014363e-03 -9.999753e-01 -5.890431e-02 9.909056e-01 -1.344934e-01 -4.205233e-03 4.353305e+00
-1.508202e-01 -9.885486e-01 4.985387e-03 -3.106851e-01 -4.719242e-03 -4.323033e-03 -9.999795e-01 -6.430373e-02 9.885499e-01 -1.508406e-01 -4.013200e-03 4.769288e+00
-1.640348e-01 -9.864439e-01 4.590222e-03 -3.906586e-01 -4.931898e-03 -3.833091e-03 -9.999805e-01 -7.008246e-02 9.864422e-01 -1.640542e-01 -4.236280e-03 5.189692e+00
-1.755032e-01 -9.844638e-01 5.447577e-03 -4.575427e-01 -6.012375e-03 -4.461549e-03 -9.999720e-01 -7.593712e-02 9.844605e-01 -1.755311e-01 -5.135949e-03 5.613613e+00
-1.847023e-01 -9.827634e-01 7.818555e-03 -5.294763e-01 -7.495809e-03 -6.546514e-03 -9.999505e-01 -8.441892e-02 9.827659e-01 -1.847518e-01 -6.157451e-03 6.049771e+00
-1.928675e-01 -9.811928e-01 7.925745e-03 -6.345857e-01 -9.354013e-03 -6.238487e-03 -9.999368e-01 -8.882026e-02 9.811802e-01 -1.929295e-01 -7.974888e-03 6.517679e+00
-2.008226e-01 -9.795933e-01 8.201406e-03 -7.390053e-01 -1.156797e-02 -6.000042e-03 -9.999151e-01 -9.335753e-02 9.795593e-01 -2.009004e-01 -1.012696e-02 6.993508e+00
-2.079881e-01 -9.780975e-01 8.139915e-03 -8.475330e-01 -1.396052e-02 -5.352619e-03 -9.998882e-01 -1.007817e-01 9.780317e-01 -2.080785e-01 -1.254147e-02 7.470275e+00
-2.167273e-01 -9.761585e-01 1.199392e-02 -9.598143e-01 -1.612919e-02 -8.703782e-03 -9.998320e-01 -1.099121e-01 9.760990e-01 -2.168843e-01 -1.385830e-02 7.975804e+00
-2.244566e-01 -9.743124e-01 1.829144e-02 -1.072440e+00 -1.717122e-02 -1.481306e-02 -9.997428e-01 -1.238336e-01 9.743328e-01 -2.247129e-01 -1.340524e-02 8.476246e+00
-2.324376e-01 -9.724250e-01 1.903469e-02 -1.198118e+00 -1.915683e-02 -1.498963e-02 -9.997041e-01 -1.423687e-01 9.724227e-01 -2.327335e-01 -1.514442e-02 9.027268e+00
-2.415212e-01 -9.702558e-01 1.646938e-02 -1.350926e+00 -2.442905e-02 -1.088719e-02 -9.996423e-01 -1.549160e-01 9.700880e-01 -2.418371e-01 -2.107294e-02 9.558863e+00
-2.495376e-01 -9.682720e-01 1.342708e-02 -1.504414e+00 -2.701295e-02 -6.900042e-03 -9.996113e-01 -1.660831e-01 9.679883e-01 -2.498033e-01 -2.443406e-02 1.010719e+01
-2.580847e-01 -9.660055e-01 1.502298e-02 -1.651404e+00 -2.875444e-02 -7.862502e-03 -9.995556e-01 -1.819232e-01 9.656943e-01 -2.584020e-01 -2.574776e-02 1.066012e+01
-2.670920e-01 -9.635090e-01 1.767444e-02 -1.814866e+00 -3.095616e-02 -9.752878e-03 -9.994732e-01 -2.062281e-01 9.631737e-01 -2.674984e-01 -2.722162e-02 1.124030e+01
-2.733806e-01 -9.617404e-01 1.784644e-02 -1.988636e+00 -3.331940e-02 -9.074095e-03 -9.994035e-01 -2.362684e-01 9.613287e-01 -2.738121e-01 -2.956393e-02 1.183481e+01
-2.824284e-01 -9.591441e-01 1.663642e-02 -2.170298e+00 -3.706526e-02 -6.418603e-03 -9.992923e-01 -2.528203e-01 9.585721e-01 -2.828451e-01 -3.373813e-02 1.239640e+01
-2.900381e-01 -9.568467e-01 1.795083e-02 -2.350972e+00 -4.159682e-02 -6.135035e-03 -9.991156e-01 -2.744687e-01 9.561107e-01 -2.905283e-01 -3.802238e-02 1.298632e+01
-2.945042e-01 -9.554610e-01 1.901634e-02 -2.553760e+00 -4.963601e-02 -4.578609e-03 -9.987569e-01 -3.123209e-01 9.543602e-01 -2.950820e-01 -4.607686e-02 1.359603e+01
-2.997389e-01 -9.538186e-01 1.966569e-02 -2.750385e+00 -5.754450e-02 -2.500176e-03 -9.983398e-01 -3.372160e-01 9.522842e-01 -3.003729e-01 -5.413761e-02 1.421124e+01
-3.022602e-01 -9.530203e-01 1.977473e-02 -2.959489e+00 -6.562793e-02 1.097769e-04 -9.978442e-01 -3.772289e-01 9.509636e-01 -3.029064e-01 -6.257793e-02 1.484731e+01
-3.082525e-01 -9.511020e-01 1.963112e-02 -3.176676e+00 -7.486193e-02 3.680440e-03 -9.971871e-01 -4.117245e-01 9.483544e-01 -3.088550e-01 -7.233583e-02 1.547432e+01
-3.118790e-01 -9.499234e-01 1.941880e-02 -3.406974e+00 -8.181120e-02 6.486735e-03 -9.966267e-01 -4.705555e-01 9.465930e-01 -3.124156e-01 -7.973745e-02 1.611949e+01
-3.168099e-01 -9.483343e-01 1.713274e-02 -3.642178e+00 -8.861899e-02 1.161110e-02 -9.959979e-01 -5.240237e-01 9.443401e-01 -3.170603e-01 -8.771893e-02 1.678166e+01
-3.210320e-01 -9.469445e-01 1.531143e-02 -3.881402e+00 -9.436548e-02 1.589658e-02 -9.954107e-01 -5.902430e-01 9.423553e-01 -3.210036e-01 -9.446219e-02 1.744237e+01
-3.253589e-01 -9.454896e-01 1.381997e-02 -4.118569e+00 -9.962132e-02 1.974022e-02 -9.948296e-01 -6.590115e-01 9.403282e-01 -3.250535e-01 -1.006136e-01 1.812933e+01
-3.303714e-01 -9.437751e-01 1.197268e-02 -4.371255e+00 -1.025813e-01 2.329335e-02 -9.944519e-01 -7.332192e-01 9.382600e-01 -3.297666e-01 -1.045092e-01 1.881250e+01
-3.358020e-01 -9.418683e-01 1.100367e-02 -4.624613e+00 -1.039767e-01 2.545489e-02 -9.942539e-01 -8.078634e-01 9.361762e-01 -3.350166e-01 -1.064802e-01 1.950139e+01
-3.424939e-01 -9.394774e-01 8.947197e-03 -4.897346e+00 -1.034772e-01 2.825479e-02 -9.942304e-01 -8.912064e-01 9.338043e-01 -3.414437e-01 -1.068916e-01 2.023920e+01
-3.478229e-01 -9.375124e-01 9.474802e-03 -5.175766e+00 -1.019225e-01 2.776409e-02 -9.944049e-01 -9.737275e-01 9.320038e-01 -3.468425e-01 -1.052105e-01 2.095450e+01
-3.562987e-01 -9.343154e-01 1.029095e-02 -5.454033e+00 -9.957351e-02 2.701644e-02 -9.946634e-01 -1.054200e+00 9.290513e-01 -3.554219e-01 -1.026590e-01 2.169042e+01
-3.612872e-01 -9.324034e-01 9.768468e-03 -5.729667e+00 -9.679214e-02 2.708137e-02 -9.949361e-01 -1.137373e+00 9.274173e-01 -3.604032e-01 -1.000335e-01 2.240973e+01
-3.715839e-01 -9.283686e-01 7.562937e-03 -6.047118e+00 -9.219372e-02 2.879258e-02 -9.953247e-01 -1.218835e+00 9.238104e-01 -3.705439e-01 -9.628861e-02 2.314979e+01
-3.794594e-01 -9.251891e-01 5.985071e-03 -6.347422e+00 -8.720904e-02 2.932655e-02 -9.957583e-01 -1.302054e+00 9.210891e-01 -3.783717e-01 -9.181308e-02 2.389581e+01
-3.874835e-01 -9.218726e-01 2.741845e-03 -6.681797e+00 -8.303395e-02 3.193859e-02 -9.960348e-01 -1.372211e+00 9.181296e-01 -3.861747e-01 -8.892240e-02 2.468208e+01
-3.953253e-01 -9.185396e-01 1.667946e-03 -7.024698e+00 -8.099240e-02 3.304898e-02 -9.961666e-01 -1.451584e+00 9.149634e-01 -3.939450e-01 -8.745982e-02 2.541401e+01
-4.051506e-01 -9.142500e-01 2.484632e-04 -7.376131e+00 -8.014609e-02 3.524608e-02 -9.961598e-01 -1.517105e+00 9.107302e-01 -4.036146e-01 -8.755352e-02 2.618007e+01
-4.145195e-01 -9.100404e-01 3.480718e-04 -7.724936e+00 -7.934004e-02 3.575802e-02 -9.962060e-01 -1.585558e+00 9.065753e-01 -4.129744e-01 -8.702503e-02 2.692769e+01
-4.239484e-01 -9.056861e-01 -5.858882e-04 -8.094619e+00 -7.753643e-02 3.693903e-02 -9.963050e-01 -1.658008e+00 9.023613e-01 -4.223365e-01 -8.588391e-02 2.771640e+01
-4.319973e-01 -9.018749e-01 6.219249e-05 -8.451983e+00 -7.531037e-02 3.600488e-02 -9.965099e-01 -1.726402e+00 8.987250e-01 -4.304942e-01 -8.347455e-02 2.850223e+01
-4.387578e-01 -8.986050e-01 -7.728736e-04 -8.837346e+00 -7.101656e-02 3.553231e-02 -9.968421e-01 -1.795824e+00 8.957947e-01 -4.373174e-01 -7.940592e-02 2.930005e+01
-4.464303e-01 -8.948159e-01 -2.139047e-03 -9.248605e+00 -6.570483e-02 3.516447e-02 -9.972193e-01 -1.859584e+00 8.924028e-01 -4.450484e-01 -7.449221e-02 3.010853e+01
-4.536539e-01 -8.911756e-01 -2.059149e-03 -9.658122e+00 -6.188548e-02 3.380772e-02 -9.975105e-01 -1.925809e+00 8.890266e-01 -4.523971e-01 -7.048783e-02 3.090470e+01
-4.613457e-01 -8.872200e-01 -8.810920e-04 -1.010367e+01 -6.003746e-02 3.220968e-02 -9.976763e-01 -1.983972e+00 8.851868e-01 -4.602208e-01 -6.812624e-02 3.173937e+01
-4.676403e-01 -8.839184e-01 -8.754479e-04 -1.055623e+01 -5.855140e-02 3.196504e-02 -9.977725e-01 -2.042026e+00 8.819775e-01 -4.665474e-01 -6.670281e-02 3.256293e+01
-4.730240e-01 -8.810487e-01 -1.218510e-03 -1.100825e+01 -5.624800e-02 3.157898e-02 -9.979173e-01 -2.097868e+00 8.792523e-01 -4.719702e-01 -6.449484e-02 3.338692e+01
-4.785979e-01 -8.780340e-01 -5.217976e-04 -1.145427e+01 -5.485783e-02 3.049496e-02 -9.980284e-01 -2.161171e+00 8.763188e-01 -4.776257e-01 -6.276187e-02 3.422134e+01
-4.829648e-01 -8.756393e-01 8.768293e-04 -1.192009e+01 -5.489662e-02 2.927919e-02 -9.980627e-01 -2.211452e+00 8.739172e-01 -4.820773e-01 -6.221046e-02 3.504608e+01
-4.861971e-01 -8.738479e-01 1.467897e-03 -1.240784e+01 -5.564233e-02 2.928215e-02 -9.980213e-01 -2.273576e+00 8.720759e-01 -4.853168e-01 -6.285983e-02 3.590564e+01
-4.892215e-01 -8.721572e-01 2.036047e-03 -1.291424e+01 -5.600091e-02 2.908290e-02 -9.980071e-01 -2.327647e+00 8.703598e-01 -4.883605e-01 -6.306958e-02 3.676930e+01
-4.901655e-01 -8.716249e-01 2.812616e-03 -1.341864e+01 -5.506408e-02 2.774501e-02 -9.980972e-01 -2.388149e+00 8.698884e-01 -4.893877e-01 -6.159487e-02 3.763831e+01
-4.914666e-01 -8.708956e-01 1.212693e-03 -1.390598e+01 -5.306305e-02 2.855477e-02 -9.981828e-01 -2.449201e+00 8.692784e-01 -4.906378e-01 -6.024609e-02 3.852532e+01
-4.913095e-01 -8.709817e-01 2.424131e-03 -1.440414e+01 -5.246924e-02 2.681884e-02 -9.982623e-01 -2.504729e+00 8.694032e-01 -4.905830e-01 -5.887610e-02 3.940899e+01
-4.912110e-01 -8.710295e-01 4.406658e-03 -1.491424e+01 -5.330374e-02 2.500991e-02 -9.982651e-01 -2.561092e+00 8.694081e-01 -4.905937e-01 -5.871427e-02 4.031281e+01
-4.935989e-01 -8.696721e-01 5.532839e-03 -1.545147e+01 -5.433243e-02 2.448673e-02 -9.982226e-01 -2.619277e+00 8.679909e-01 -4.930222e-01 -5.933802e-02 4.120761e+01
-4.966290e-01 -8.679421e-01 6.013223e-03 -1.599328e+01 -5.228936e-02 2.300269e-02 -9.983670e-01 -2.677555e+00 8.663864e-01 -4.961324e-01 -5.680794e-02 4.212947e+01
-4.992771e-01 -8.664202e-01 6.200300e-03 -1.653781e+01 -4.814628e-02 2.059802e-02 -9.986279e-01 -2.742733e+00 8.651037e-01 -4.988905e-01 -5.199903e-02 4.307659e+01
-5.033486e-01 -8.640676e-01 5.232302e-03 -1.706616e+01 -4.396359e-02 1.956186e-02 -9.988416e-01 -2.801193e+00 8.629643e-01 -5.029956e-01 -4.783395e-02 4.398999e+01
-5.094231e-01 -8.604971e-01 5.732016e-03 -1.760166e+01 -4.238181e-02 1.843630e-02 -9.989313e-01 -2.857704e+00 8.594719e-01 -5.091217e-01 -4.586130e-02 4.490756e+01
-5.185868e-01 -8.549662e-01 1.003273e-02 -1.814929e+01 -4.367933e-02 1.477189e-02 -9.989364e-01 -2.918987e+00 8.539086e-01 -5.184734e-01 -4.500486e-02 4.580641e+01
-5.284207e-01 -8.488908e-01 1.248744e-02 -1.870027e+01 -4.665769e-02 1.435089e-02 -9.988078e-01 -2.976878e+00 8.476996e-01 -5.283734e-01 -4.719059e-02 4.668741e+01
-5.386560e-01 -8.424336e-01 1.246570e-02 -1.928408e+01 -4.672545e-02 1.509708e-02 -9.987937e-01 -3.036252e+00 8.412291e-01 -5.385887e-01 -4.749522e-02 4.760630e+01
-5.490465e-01 -8.357218e-01 1.081621e-02 -1.986510e+01 -4.252747e-02 1.501021e-02 -9.989825e-01 -3.094583e+00 8.347091e-01 -5.489479e-01 -4.378243e-02 4.850104e+01
-5.564470e-01 -8.308397e-01 8.494561e-03 -2.047481e+01 -3.885478e-02 1.580755e-02 -9.991198e-01 -3.149330e+00 8.299742e-01 -5.562872e-01 -4.107816e-02 4.939838e+01
-5.618260e-01 -8.272092e-01 8.747507e-03 -2.108688e+01 -3.974809e-02 1.643128e-02 -9.990746e-01 -3.201267e+00 8.263000e-01 -5.616538e-01 -4.211151e-02 5.026244e+01
-5.664526e-01 -8.240285e-01 1.041855e-02 -2.170307e+01 -4.291858e-02 1.687305e-02 -9.989361e-01 -3.252168e+00 8.229760e-01 -5.662971e-01 -4.492392e-02 5.113207e+01
-5.702499e-01 -8.213803e-01 1.222770e-02 -2.232714e+01 -4.949666e-02 1.949776e-02 -9.985840e-01 -3.311295e+00 8.199788e-01 -5.700476e-01 -5.177417e-02 5.199767e+01
-5.752074e-01 -8.179190e-01 1.204154e-02 -2.295349e+01 -5.123404e-02 2.133123e-02 -9.984589e-01 -3.365498e+00 8.164016e-01 -5.749378e-01 -5.417518e-02 5.285548e+01
-5.802163e-01 -8.143968e-01 1.033692e-02 -2.358330e+01 -4.766511e-02 2.128354e-02 -9.986366e-01 -3.426761e+00 8.130664e-01 -5.799180e-01 -5.116737e-02 5.371843e+01
-5.854700e-01 -8.106605e-01 7.366558e-03 -2.422035e+01 -4.251581e-02 2.162874e-02 -9.988617e-01 -3.487467e+00 8.095784e-01 -5.851168e-01 -4.712887e-02 5.459694e+01
-5.890937e-01 -8.080449e-01 5.656974e-03 -2.484986e+01 -4.011704e-02 2.225332e-02 -9.989471e-01 -3.543810e+00 8.070682e-01 -5.887005e-01 -4.552566e-02 5.544703e+01
-5.925646e-01 -8.055108e-01 4.434376e-03 -2.548384e+01 -4.057995e-02 2.435329e-02 -9.988795e-01 -3.597273e+00 8.045002e-01 -5.920805e-01 -4.711848e-02 5.630297e+01
-5.967407e-01 -8.023996e-01 7.452992e-03 -2.611841e+01 -4.106230e-02 2.125938e-02 -9.989304e-01 -3.646340e+00 8.013828e-01 -5.964084e-01 -4.563471e-02 5.717405e+01
-6.014832e-01 -7.988282e-01 9.556845e-03 -2.675391e+01 -4.345673e-02 2.077135e-02 -9.988394e-01 -3.696554e+00 7.977026e-01 -6.012004e-01 -4.720808e-02 5.801826e+01
-6.076538e-01 -7.941303e-01 1.067833e-02 -2.743362e+01 -4.362989e-02 1.995369e-02 -9.988485e-01 -3.745878e+00 7.930027e-01 -6.074200e-01 -4.677275e-02 5.888392e+01
-6.141233e-01 -7.891545e-01 9.363665e-03 -2.810755e+01 -4.293103e-02 2.155736e-02 -9.988455e-01 -3.805969e+00 7.880416e-01 -6.138162e-01 -4.711810e-02 5.973420e+01
-6.203775e-01 -7.842429e-01 9.733873e-03 -2.877619e+01 -4.264027e-02 2.133301e-02 -9.988627e-01 -3.861708e+00 7.831433e-01 -6.200870e-01 -4.667485e-02 6.056948e+01
-6.269861e-01 -7.789299e-01 1.251839e-02 -2.946571e+01 -4.332231e-02 1.881821e-02 -9.988839e-01 -3.922936e+00 7.778249e-01 -6.268286e-01 -4.554379e-02 6.141090e+01
-6.335196e-01 -7.735872e-01 1.468574e-02 -3.015940e+01 -4.413439e-02 1.718067e-02 -9.988779e-01 -3.974404e+00 7.724668e-01 -6.334569e-01 -4.502609e-02 6.223316e+01
-6.390910e-01 -7.689846e-01 1.501304e-02 -3.085580e+01 -4.466797e-02 1.762217e-02 -9.988465e-01 -4.036741e+00 7.678329e-01 -6.390244e-01 -4.561115e-02 6.306977e+01
-6.457437e-01 -7.633693e-01 1.680642e-02 -3.155224e+01 -4.566331e-02 1.663707e-02 -9.988183e-01 -4.097725e+00 7.621877e-01 -6.457480e-01 -4.560125e-02 6.389872e+01
-6.536866e-01 -7.565292e-01 1.890951e-02 -3.227490e+01 -4.725543e-02 1.586752e-02 -9.987568e-01 -4.152440e+00 7.552885e-01 -6.537675e-01 -4.612249e-02 6.471654e+01
-6.611168e-01 -7.500473e-01 1.880493e-02 -3.301617e+01 -4.717181e-02 1.653849e-02 -9.987499e-01 -4.214744e+00 7.487987e-01 -6.611773e-01 -4.631496e-02 6.556273e+01
-6.680461e-01 -7.438866e-01 1.863191e-02 -3.373591e+01 -4.547070e-02 1.581721e-02 -9.988405e-01 -4.276112e+00 7.427294e-01 -6.681186e-01 -4.439167e-02 6.637196e+01
-6.739589e-01 -7.385148e-01 1.937332e-02 -3.447486e+01 -4.528952e-02 1.512773e-02 -9.988593e-01 -4.335366e+00 7.373793e-01 -6.740676e-01 -4.364244e-02 6.719019e+01
-6.807168e-01 -7.322469e-01 2.095523e-02 -3.523774e+01 -4.622740e-02 1.439011e-02 -9.988273e-01 -4.399359e+00 7.310867e-01 -6.808872e-01 -4.364546e-02 6.801534e+01
-6.870983e-01 -7.262222e-01 2.229894e-02 -3.600028e+01 -4.752953e-02 1.430141e-02 -9.987674e-01 -4.460986e+00 7.250081e-01 -6.873113e-01 -4.434348e-02 6.880243e+01
-6.931470e-01 -7.204656e-01 2.183074e-02 -3.679424e+01 -4.750151e-02 1.543729e-02 -9.987519e-01 -4.520114e+00 7.192293e-01 -6.933188e-01 -4.492351e-02 6.960159e+01
-6.989465e-01 -7.148353e-01 2.200863e-02 -3.759384e+01 -4.654000e-02 1.475386e-02 -9.988075e-01 -4.584699e+00 7.136581e-01 -6.991372e-01 -4.358060e-02 7.038988e+01
-7.042577e-01 -7.095928e-01 2.234292e-02 -3.839354e+01 -4.652534e-02 1.472609e-02 -9.988086e-01 -4.639304e+00 7.084183e-01 -7.044582e-01 -4.338501e-02 7.117862e+01
-7.094753e-01 -7.043835e-01 2.210565e-02 -3.920788e+01 -4.703795e-02 1.603377e-02 -9.987644e-01 -4.704727e+00 7.031587e-01 -7.096385e-01 -4.450832e-02 7.198977e+01
-7.144433e-01 -6.992600e-01 2.461976e-02 -4.003219e+01 -4.962850e-02 1.554544e-02 -9.986467e-01 -4.764763e+00 6.979311e-01 -7.146984e-01 -4.580956e-02 7.278230e+01
-7.192662e-01 -6.942394e-01 2.622387e-02 -4.085812e+01 -5.237007e-02 1.654146e-02 -9.984908e-01 -4.833138e+00 6.927579e-01 -7.195540e-01 -4.825509e-02 7.358031e+01
-7.243651e-01 -6.888981e-01 2.672970e-02 -4.170940e+01 -5.349306e-02 1.750792e-02 -9.984148e-01 -4.898333e+00 6.873381e-01 -7.246467e-01 -4.953340e-02 7.438318e+01
-7.286789e-01 -6.843449e-01 2.644080e-02 -4.256833e+01 -5.269682e-02 1.753365e-02 -9.984566e-01 -4.962281e+00 6.828251e-01 -7.289476e-01 -4.883920e-02 7.518682e+01
-7.323095e-01 -6.804693e-01 2.615888e-02 -4.342121e+01 -5.152950e-02 1.706945e-02 -9.985256e-01 -5.031266e+00 6.790195e-01 -7.325777e-01 -4.756436e-02 7.597813e+01
-7.369484e-01 -6.753704e-01 2.796282e-02 -4.428650e+01 -5.193600e-02 1.532841e-02 -9.985328e-01 -5.105929e+00 6.739509e-01 -7.373194e-01 -4.637228e-02 7.675468e+01
-7.419578e-01 -6.698276e-01 2.880158e-02 -4.516503e+01 -5.223707e-02 1.492722e-02 -9.985231e-01 -5.171607e+00 6.684085e-01 -7.423666e-01 -4.606520e-02 7.752563e+01
-7.458668e-01 -6.654364e-01 2.961400e-02 -4.604202e+01 -5.175128e-02 1.356699e-02 -9.985678e-01 -5.238958e+00 6.640817e-01 -7.463312e-01 -4.455636e-02 7.830788e+01
-7.489589e-01 -6.619093e-01 3.060605e-02 -4.693485e+01 -5.176437e-02 1.239857e-02 -9.985824e-01 -5.306067e+00 6.605914e-01 -7.494814e-01 -4.354933e-02 7.908273e+01
-7.518224e-01 -6.585882e-01 3.201018e-02 -4.782874e+01 -5.234221e-02 1.121757e-02 -9.985662e-01 -5.382982e+00 6.572849e-01 -7.524199e-01 -4.290558e-02 7.986190e+01
-7.553965e-01 -6.542278e-01 3.690694e-02 -4.871320e+01 -5.492385e-02 7.090781e-03 -9.984654e-01 -5.452556e+00 6.529621e-01 -7.562643e-01 -4.128906e-02 8.064962e+01
-7.585229e-01 -6.503313e-01 4.137965e-02 -4.960109e+01 -5.683534e-02 2.765208e-03 -9.983797e-01 -5.516732e+00 6.491631e-01 -7.596457e-01 -3.905927e-02 8.143369e+01
-7.629583e-01 -6.449118e-01 4.453575e-02 -5.051990e+01 -5.704914e-02 -1.453007e-03 -9.983703e-01 -5.603108e+00 6.439255e-01 -7.642556e-01 -3.568307e-02 8.220057e+01
-7.687028e-01 -6.378465e-01 4.741222e-02 -5.143491e+01 -5.824030e-02 -4.016456e-03 -9.982945e-01 -5.688756e+00 6.369491e-01 -7.701530e-01 -3.406091e-02 8.296746e+01
-7.756134e-01 -6.293451e-01 4.846337e-02 -5.235421e+01 -5.702815e-02 -6.596782e-03 -9.983508e-01 -5.768097e+00 6.286268e-01 -7.770980e-01 -3.077383e-02 8.372702e+01
-7.834155e-01 -6.196968e-01 4.728688e-02 -5.331170e+01 -5.446513e-02 -7.336809e-03 -9.984887e-01 -5.846869e+00 6.191072e-01 -7.848070e-01 -2.800409e-02 8.448313e+01
-7.908267e-01 -6.102049e-01 4.736091e-02 -5.426072e+01 -5.428118e-02 -7.149840e-03 -9.985001e-01 -5.927861e+00 6.096283e-01 -7.922114e-01 -2.746836e-02 8.520898e+01
-7.971639e-01 -6.018260e-01 4.832355e-02 -5.524249e+01 -5.605423e-02 -5.919174e-03 -9.984102e-01 -5.999568e+00 6.011553e-01 -7.986053e-01 -2.901635e-02 8.594698e+01
-8.041381e-01 -5.923374e-01 4.998321e-02 -5.620969e+01 -5.734355e-02 -6.394691e-03 -9.983341e-01 -6.078886e+00 5.916702e-01 -8.056647e-01 -2.882451e-02 8.666509e+01
-8.110568e-01 -5.827140e-01 5.129602e-02 -5.721106e+01 -5.893428e-02 -5.846678e-03 -9.982448e-01 -6.152153e+00 5.819911e-01 -8.126563e-01 -2.959984e-02 8.738587e+01
-8.182864e-01 -5.723898e-01 5.269971e-02 -5.825623e+01 -5.833546e-02 -8.513313e-03 -9.982607e-01 -6.231042e+00 5.718430e-01 -8.199375e-01 -2.642430e-02 8.808921e+01
-8.240161e-01 -5.642015e-01 5.171248e-02 -5.922771e+01 -5.721584e-02 -7.939286e-03 -9.983302e-01 -6.315975e+00 5.636700e-01 -8.255990e-01 -2.573916e-02 8.878521e+01
-8.315132e-01 -5.530236e-01 5.244680e-02 -6.026409e+01 -5.738111e-02 -8.399966e-03 -9.983170e-01 -6.404275e+00 5.525334e-01 -8.331232e-01 -2.474843e-02 8.947283e+01
-8.378579e-01 -5.433065e-01 5.303033e-02 -6.130305e+01 -5.818594e-02 -7.707179e-03 -9.982760e-01 -6.485153e+00 5.427785e-01 -8.394991e-01 -2.515527e-02 9.013715e+01
-8.447953e-01 -5.323901e-01 5.368185e-02 -6.236571e+01 -5.857047e-02 -7.716216e-03 -9.982535e-01 -6.561023e+00 5.318745e-01 -8.464640e-01 -2.466371e-02 9.078023e+01
-8.515980e-01 -5.212772e-01 5.523492e-02 -6.345105e+01 -6.026875e-02 -7.305686e-03 -9.981555e-01 -6.641326e+00 5.207192e-01 -8.533561e-01 -2.519522e-02 9.142595e+01
-8.570169e-01 -5.123576e-01 5.487863e-02 -6.454816e+01 -6.067782e-02 -5.415722e-03 -9.981427e-01 -6.730513e+00 5.117032e-01 -8.587551e-01 -2.644737e-02 9.206901e+01
-8.624051e-01 -5.033954e-01 5.339048e-02 -6.563029e+01 -5.904041e-02 -4.727885e-03 -9.982444e-01 -6.813934e+00 5.027641e-01 -8.640432e-01 -2.564332e-02 9.268903e+01
-8.673190e-01 -4.949588e-01 5.266430e-02 -6.675137e+01 -5.728631e-02 -5.841723e-03 -9.983407e-01 -6.898526e+00 4.944452e-01 -8.688968e-01 -2.328773e-02 9.330234e+01
-8.719857e-01 -4.865889e-01 5.359303e-02 -6.788368e+01 -5.767947e-02 -6.590708e-03 -9.983134e-01 -6.978731e+00 4.861214e-01 -8.736062e-01 -2.231918e-02 9.392378e+01
-8.759499e-01 -4.790820e-01 5.649886e-02 -6.901308e+01 -5.929945e-02 -9.296189e-03 -9.981970e-01 -7.066801e+00 4.787435e-01 -8.777209e-01 -2.026631e-02 9.453777e+01
-8.794719e-01 -4.723151e-01 5.871605e-02 -7.013902e+01 -6.120490e-02 -1.010973e-02 -9.980740e-01 -7.158953e+00 4.719990e-01 -8.813718e-01 -2.001677e-02 9.515855e+01
-8.821510e-01 -4.669316e-01 6.151806e-02 -7.124863e+01 -6.365444e-02 -1.121491e-02 -9.979090e-01 -7.245878e+00 4.666452e-01 -8.842223e-01 -1.982902e-02 9.575454e+01
-8.849695e-01 -4.610721e-01 6.512645e-02 -7.239088e+01 -6.670006e-02 -1.290138e-02 -9.976897e-01 -7.338747e+00 4.608471e-01 -8.872688e-01 -1.933621e-02 9.632004e+01
-8.870730e-01 -4.568659e-01 6.614379e-02 -7.348724e+01 -6.671720e-02 -1.489722e-02 -9.976607e-01 -7.435696e+00 4.567825e-01 -8.894109e-01 -1.726589e-02 9.689639e+01
-8.897395e-01 -4.520432e-01 6.340877e-02 -7.461985e+01 -6.289782e-02 -1.617598e-02 -9.978889e-01 -7.536550e+00 4.521146e-01 -8.918494e-01 -1.404012e-02 9.748219e+01
-8.910529e-01 -4.493900e-01 6.382296e-02 -7.577843e+01 -6.033041e-02 -2.210440e-02 -9.979337e-01 -7.621224e+00 4.498721e-01 -8.930622e-01 -7.415696e-03 9.803228e+01
-8.924016e-01 -4.466726e-01 6.405347e-02 -7.687103e+01 -5.928688e-02 -2.465695e-02 -9.979364e-01 -7.707403e+00 4.473303e-01 -8.943576e-01 -4.477924e-03 9.857390e+01
-8.951550e-01 -4.412678e-01 6.308924e-02 -7.802715e+01 -5.769932e-02 -2.563870e-02 -9.980047e-01 -7.796531e+00 4.420049e-01 -8.970091e-01 -2.510243e-03 9.911813e+01
-8.961964e-01 -4.394279e-01 6.111545e-02 -7.916078e+01 -5.520649e-02 -2.622804e-02 -9.981304e-01 -7.886650e+00 4.402093e-01 -8.978949e-01 -7.537947e-04 9.967537e+01
-8.976635e-01 -4.365277e-01 6.036441e-02 -8.027697e+01 -5.352001e-02 -2.797367e-02 -9.981748e-01 -7.972748e+00 4.374196e-01 -8.992558e-01 1.747980e-03 1.002242e+02
-8.985112e-01 -4.346801e-01 6.107955e-02 -8.139650e+01 -5.367867e-02 -2.929589e-02 -9.981284e-01 -8.059717e+00 4.356560e-01 -9.001083e-01 2.989637e-03 1.007564e+02
-9.001365e-01 -4.313563e-01 6.071235e-02 -8.248275e+01 -5.249317e-02 -3.094545e-02 -9.981417e-01 -8.143353e+00 4.324334e-01 -9.016508e-01 5.211873e-03 1.012932e+02
-9.008234e-01 -4.300408e-01 5.985020e-02 -8.360146e+01 -5.008906e-02 -3.399455e-02 -9.981660e-01 -8.224947e+00 4.312868e-01 -9.021692e-01 9.082746e-03 1.018269e+02
-9.009243e-01 -4.298235e-01 5.989326e-02 -8.466653e+01 -4.874259e-02 -3.691704e-02 -9.981289e-01 -8.300094e+00 4.312303e-01 -9.021579e-01 1.230875e-02 1.023273e+02
-9.023525e-01 -4.266121e-01 6.133574e-02 -8.575040e+01 -4.897595e-02 -3.989496e-02 -9.980029e-01 -8.376478e+00 4.282071e-01 -9.035544e-01 1.510558e-02 1.028304e+02
-9.029639e-01 -4.252418e-01 6.185036e-02 -8.681036e+01 -4.934179e-02 -4.037859e-02 -9.979654e-01 -8.452861e+00 4.268741e-01 -9.041786e-01 1.547822e-02 1.033319e+02
-9.028762e-01 -4.253441e-01 6.242589e-02 -8.787245e+01 -5.012860e-02 -4.005539e-02 -9.979392e-01 -8.535677e+00 4.269680e-01 -9.041449e-01 1.484315e-02 1.038294e+02
-9.035016e-01 -4.239832e-01 6.263550e-02 -8.892010e+01 -5.136271e-02 -3.797626e-02 -9.979578e-01 -8.611776e+00 4.254960e-01 -9.048735e-01 1.253468e-02 1.043275e+02
-9.024934e-01 -4.260654e-01 6.303948e-02 -8.996051e+01 -5.214798e-02 -3.719341e-02 -9.979465e-01 -8.686234e+00 4.275351e-01 -9.039275e-01 1.134836e-02 1.047901e+02
-9.007791e-01 -4.296188e-01 6.344087e-02 -9.096754e+01 -5.293054e-02 -3.638378e-02 -9.979352e-01 -8.764083e+00 4.310399e-01 -9.022771e-01 1.003379e-02 1.052627e+02
-8.981592e-01 -4.351380e-01 6.296790e-02 -9.198874e+01 -5.379548e-02 -3.337945e-02 -9.979939e-01 -8.833285e+00 4.363669e-01 -8.997449e-01 6.571606e-03 1.057410e+02
-8.957481e-01 -4.399931e-01 6.357183e-02 -9.300523e+01 -5.415240e-02 -3.394360e-02 -9.979556e-01 -8.906093e+00 4.412515e-01 -8.973594e-01 6.578227e-03 1.062191e+02
-8.932310e-01 -4.453874e-01 6.138818e-02 -9.399935e+01 -5.279905e-02 -3.168017e-02 -9.981025e-01 -8.981236e+00 4.464870e-01 -8.947774e-01 4.781681e-03 1.066997e+02
-8.888902e-01 -4.540464e-01 6.095947e-02 -9.498499e+01 -5.218056e-02 -3.185284e-02 -9.981295e-01 -9.053679e+00 4.551388e-01 -8.904085e-01 4.621283e-03 1.071843e+02
-8.841780e-01 -4.631774e-01 6.079387e-02 -9.598136e+01 -5.175278e-02 -3.221687e-02 -9.981402e-01 -9.124602e+00 4.642745e-01 -8.856798e-01 4.514737e-03 1.076938e+02
-8.802072e-01 -4.706401e-01 6.110011e-02 -9.693604e+01 -5.169449e-02 -3.289868e-02 -9.981209e-01 -9.193860e+00 4.717658e-01 -8.817117e-01 4.628147e-03 1.081845e+02
-8.734967e-01 -4.831538e-01 5.971595e-02 -9.791335e+01 -5.189180e-02 -2.956005e-02 -9.982151e-01 -9.261605e+00 4.840566e-01 -8.750364e-01 7.488811e-04 1.087088e+02
-8.676507e-01 -4.932955e-01 6.198210e-02 -9.885926e+01 -5.464139e-02 -2.929929e-02 -9.980761e-01 -9.333150e+00 4.941624e-01 -8.693683e-01 -1.532799e-03 1.092490e+02
-8.613982e-01 -5.041224e-01 6.207888e-02 -9.979674e+01 -5.558122e-02 -2.793190e-02 -9.980634e-01 -9.406685e+00 5.048801e-01 -8.631804e-01 -3.959248e-03 1.097764e+02
-8.541542e-01 -5.165481e-01 5.998946e-02 -1.007528e+02 -5.512520e-02 -2.476904e-02 -9.981722e-01 -9.482665e+00 5.170898e-01 -8.558999e-01 -7.318237e-03 1.103256e+02
-8.468424e-01 -5.287542e-01 5.724419e-02 -1.016664e+02 -5.309297e-02 -2.304821e-02 -9.983236e-01 -9.553080e+00 5.291872e-01 -8.484620e-01 -8.554932e-03 1.108743e+02
-8.386799e-01 -5.418380e-01 5.502454e-02 -1.025732e+02 -5.145721e-02 -2.174541e-02 -9.984384e-01 -9.615502e+00 5.421884e-01 -8.402016e-01 -9.644032e-03 1.114521e+02
-8.310379e-01 -5.535037e-01 5.486069e-02 -1.034804e+02 -5.068558e-02 -2.286196e-02 -9.984530e-01 -9.684801e+00 5.539016e-01 -8.325329e-01 -9.055506e-03 1.120476e+02
-8.234987e-01 -5.646999e-01 5.444163e-02 -1.043822e+02 -5.100847e-02 -2.187412e-02 -9.984586e-01 -9.752139e+00 5.650203e-01 -8.250064e-01 -1.079117e-02 1.126437e+02
-8.159609e-01 -5.754187e-01 5.568795e-02 -1.052502e+02 -5.185937e-02 -2.308395e-02 -9.983876e-01 -9.822125e+00 5.757763e-01 -8.175331e-01 -1.100525e-02 1.132318e+02
-8.088165e-01 -5.852998e-01 5.692163e-02 -1.061016e+02 -5.224086e-02 -2.489829e-02 -9.983241e-01 -9.886261e+00 5.857362e-01 -8.104346e-01 -1.043841e-02 1.138328e+02
-8.004471e-01 -5.967077e-01 5.678385e-02 -1.069438e+02 -5.190884e-02 -2.537039e-02 -9.983295e-01 -9.960483e+00 5.971515e-01 -8.020576e-01 -1.066674e-02 1.144606e+02
-7.925466e-01 -6.074588e-01 5.351366e-02 -1.077667e+02 -4.951109e-02 -2.336546e-02 -9.985002e-01 -1.003216e+01 6.077981e-01 -7.940075e-01 -1.155773e-02 1.150998e+02
-7.855325e-01 -6.166475e-01 5.181263e-02 -1.085741e+02 -4.645834e-02 -2.472448e-02 -9.986142e-01 -1.008965e+01 6.170740e-01 -7.868510e-01 -9.226543e-03 1.157315e+02
-7.781342e-01 -6.260344e-01 5.087327e-02 -1.093683e+02 -4.555842e-02 -2.452670e-02 -9.986606e-01 -1.014930e+01 6.264436e-01 -7.794096e-01 -9.436074e-03 1.163462e+02
-7.695774e-01 -6.365731e-01 5.025223e-02 -1.101511e+02 -4.600439e-02 -2.322045e-02 -9.986713e-01 -1.021184e+01 6.368942e-01 -7.708667e-01 -1.141523e-02 1.169562e+02
-7.616259e-01 -6.461143e-01 4.961998e-02 -1.109116e+02 -4.655731e-02 -2.181517e-02 -9.986774e-01 -1.027232e+01 6.463423e-01 -7.629288e-01 -1.346635e-02 1.176066e+02
-7.529414e-01 -6.562381e-01 4.930318e-02 -1.116756e+02 -4.591151e-02 -2.235498e-02 -9.986953e-01 -1.033953e+01 6.564841e-01 -7.542227e-01 -1.329689e-02 1.182583e+02
-7.460240e-01 -6.642802e-01 4.668987e-02 -1.123809e+02 -4.383697e-02 -2.097198e-02 -9.988186e-01 -1.039363e+01 6.644746e-01 -7.471894e-01 -1.347443e-02 1.189104e+02
-7.387686e-01 -6.724063e-01 4.572316e-02 -1.131060e+02 -4.206834e-02 -2.170285e-02 -9.988790e-01 -1.044462e+01 6.726449e-01 -7.398640e-01 -1.225363e-02 1.195538e+02
-7.305838e-01 -6.813578e-01 4.470930e-02 -1.138240e+02 -4.148896e-02 -2.106048e-02 -9.989170e-01 -1.049499e+01 6.815615e-01 -7.316475e-01 -1.288238e-02 1.201999e+02
-7.238134e-01 -6.885918e-01 4.399431e-02 -1.145041e+02 -4.131031e-02 -2.039907e-02 -9.989381e-01 -1.055027e+01 6.887580e-01 -7.248622e-01 -1.368082e-02 1.208426e+02
-7.165650e-01 -6.962389e-01 4.226202e-02 -1.151778e+02 -4.040708e-02 -1.905312e-02 -9.990016e-01 -1.060759e+01 6.963490e-01 -7.175573e-01 -1.448018e-02 1.215098e+02
-7.097689e-01 -7.033095e-01 3.979667e-02 -1.158564e+02 -3.745108e-02 -1.874017e-02 -9.991227e-01 -1.065217e+01 7.034383e-01 -7.106367e-01 -1.303851e-02 1.221749e+02
-7.036493e-01 -7.095472e-01 3.768873e-02 -1.165233e+02 -3.501702e-02 -1.834911e-02 -9.992182e-01 -1.070669e+01 7.096841e-01 -7.044190e-01 -1.193489e-02 1.228336e+02
-6.955594e-01 -7.175755e-01 3.581250e-02 -1.171720e+02 -3.376058e-02 -1.714708e-02 -9.992828e-01 -1.075887e+01 7.176750e-01 -6.962696e-01 -1.229895e-02 1.234924e+02
-6.872121e-01 -7.256349e-01 3.454595e-02 -1.178202e+02 -3.307731e-02 -1.624970e-02 -9.993207e-01 -1.080846e+01 7.257034e-01 -6.878880e-01 -1.283506e-02 1.241311e+02
-6.793460e-01 -7.331228e-01 3.193807e-02 -1.184473e+02 -3.169237e-02 -1.417052e-02 -9.993972e-01 -1.084176e+01 7.331334e-01 -6.799487e-01 -1.360771e-02 1.247850e+02
-6.697257e-01 -7.420570e-01 2.861598e-02 -1.190370e+02 -2.882891e-02 -1.252516e-02 -9.995059e-01 -1.088146e+01 7.420487e-01 -6.702198e-01 -1.300427e-02 1.254508e+02
-6.600723e-01 -7.507890e-01 2.490694e-02 -1.196239e+02 -2.563450e-02 -1.062446e-02 -9.996149e-01 -1.091782e+01 7.507645e-01 -6.604566e-01 -1.223319e-02 1.261017e+02
-6.487136e-01 -7.607027e-01 2.240556e-02 -1.201968e+02 -2.436152e-02 -8.668851e-03 -9.996656e-01 -1.095361e+01 7.606426e-01 -6.490425e-01 -1.290827e-02 1.267679e+02
-6.354454e-01 -7.718450e-01 2.155262e-02 -1.207469e+02 -2.526941e-02 -7.110059e-03 -9.996554e-01 -1.098036e+01 7.717323e-01 -6.357710e-01 -1.498601e-02 1.274332e+02
-6.244575e-01 -7.807489e-01 2.200089e-02 -1.212788e+02 -2.633631e-02 -7.104451e-03 -9.996279e-01 -1.101775e+01 7.806147e-01 -6.248046e-01 -1.612562e-02 1.280849e+02
-6.118914e-01 -7.906559e-01 2.126323e-02 -1.218046e+02 -2.604641e-02 -6.726014e-03 -9.996381e-01 -1.104587e+01 7.905128e-01 -6.122238e-01 -1.647815e-02 1.287520e+02
-5.998462e-01 -7.998710e-01 1.977287e-02 -1.223328e+02 -2.441265e-02 -6.404457e-03 -9.996815e-01 -1.107361e+01 7.997428e-01 -6.001378e-01 -1.568528e-02 1.294133e+02
-5.862542e-01 -8.099342e-01 1.768076e-02 -1.228183e+02 -2.172536e-02 -6.098863e-03 -9.997454e-01 -1.110510e+01 8.098358e-01 -5.864890e-01 -1.402063e-02 1.301101e+02
-5.731333e-01 -8.193076e-01 1.591385e-02 -1.232898e+02 -1.927689e-02 -5.934750e-03 -9.997966e-01 -1.113855e+01 8.192354e-01 -5.733235e-01 -1.239230e-02 1.308090e+02
-5.586652e-01 -8.292741e-01 1.406283e-02 -1.237338e+02 -1.653323e-02 -5.817298e-03 -9.998464e-01 -1.115874e+01 8.292285e-01 -5.588119e-01 -1.046065e-02 1.315303e+02
-5.460606e-01 -8.376403e-01 1.328450e-02 -1.242054e+02 -1.406083e-02 -6.691203e-03 -9.998788e-01 -1.118065e+01 8.376277e-01 -5.461811e-01 -8.124116e-03 1.322215e+02
-5.352489e-01 -8.445913e-01 1.319314e-02 -1.246851e+02 -1.246120e-02 -7.721938e-03 -9.998925e-01 -1.120496e+01 8.446025e-01 -5.353558e-01 -6.391462e-03 1.329377e+02
-5.255057e-01 -8.506867e-01 1.325971e-02 -1.251352e+02 -1.214122e-02 -8.085260e-03 -9.998936e-01 -1.122583e+01 8.507034e-01 -5.256108e-01 -6.079522e-03 1.336477e+02
-5.156820e-01 -8.566953e-01 1.204966e-02 -1.255570e+02 -1.166732e-02 -7.040910e-03 -9.999071e-01 -1.124089e+01 8.567006e-01 -5.157747e-01 -6.364465e-03 1.343462e+02
-5.043369e-01 -8.634478e-01 1.011031e-02 -1.259635e+02 -1.045821e-02 -5.599801e-03 -9.999296e-01 -1.126400e+01 8.634437e-01 -5.044072e-01 -6.205933e-03 1.350671e+02
-4.933048e-01 -8.698104e-01 8.952259e-03 -1.263890e+02 -9.954917e-03 -4.645736e-03 -9.999397e-01 -1.127875e+01 8.697996e-01 -4.933642e-01 -6.367127e-03 1.357870e+02
-4.837691e-01 -8.751431e-01 9.592876e-03 -1.268167e+02 -1.008844e-02 -5.384005e-03 -9.999346e-01 -1.129824e+01 8.751375e-01 -4.838342e-01 -6.224211e-03 1.365152e+02
-4.732625e-01 -8.808597e-01 1.043444e-02 -1.272371e+02 -1.059692e-02 -6.151408e-03 -9.999250e-01 -1.131224e+01 8.808577e-01 -4.733376e-01 -6.423171e-03 1.372934e+02
-4.643330e-01 -8.855958e-01 1.071825e-02 -1.276301e+02 -1.077942e-02 -6.450079e-03 -9.999211e-01 -1.132784e+01 8.855951e-01 -4.644119e-01 -6.551225e-03 1.380877e+02
-4.585069e-01 -8.886336e-01 1.008687e-02 -1.280351e+02 -1.026620e-02 -6.053146e-03 -9.999290e-01 -1.134235e+01 8.886316e-01 -4.585778e-01 -6.347479e-03 1.388348e+02
-4.525689e-01 -8.916898e-01 8.406720e-03 -1.284315e+02 -6.942463e-03 -5.903878e-03 -9.999585e-01 -1.136080e+01 8.917024e-01 -4.526085e-01 -3.518611e-03 1.396300e+02
-4.459963e-01 -8.950226e-01 4.683010e-03 -1.288379e+02 -2.762658e-03 -3.855570e-03 -9.999887e-01 -1.137364e+01 8.950306e-01 -4.460042e-01 -7.530713e-04 1.404306e+02
-4.402596e-01 -8.978683e-01 1.996393e-03 -1.292577e+02 -1.180866e-04 -2.165573e-03 -9.999977e-01 -1.137904e+01 8.978705e-01 -4.402588e-01 8.473883e-04 1.412132e+02
-4.324442e-01 -9.016604e-01 -6.571932e-04 -1.296684e+02 2.464094e-03 -4.529335e-04 -9.999968e-01 -1.138681e+01 9.016573e-01 -4.324445e-01 2.417645e-03 1.420576e+02
-4.261135e-01 -9.046656e-01 -2.731377e-03 -1.300786e+02 4.572670e-03 8.653706e-04 -9.999892e-01 -1.138600e+01 9.046581e-01 -4.261214e-01 3.767991e-03 1.428921e+02
-4.193916e-01 -9.077976e-01 -3.768947e-03 -1.304942e+02 7.204482e-03 8.232550e-04 -9.999737e-01 -1.138705e+01 9.077768e-01 -4.194077e-01 6.194945e-03 1.437458e+02
-4.113944e-01 -9.114466e-01 -4.437472e-03 -1.308736e+02 9.494851e-03 5.827470e-04 -9.999548e-01 -1.138690e+01 9.114080e-01 -4.114179e-01 8.414311e-03 1.446700e+02
-4.030560e-01 -9.151642e-01 -4.504845e-03 -1.312626e+02 1.070704e-02 2.065762e-04 -9.999427e-01 -1.138270e+01 9.151127e-01 -4.030811e-01 9.715436e-03 1.455626e+02
-3.956769e-01 -9.183819e-01 -3.793065e-03 -1.316520e+02 1.059572e-02 -4.351477e-04 -9.999438e-01 -1.136750e+01 9.183286e-01 -3.956949e-01 9.903099e-03 1.464402e+02
-3.865977e-01 -9.222466e-01 -1.841104e-03 -1.320157e+02 1.098536e-02 -2.608770e-03 -9.999363e-01 -1.138081e+01 9.221830e-01 -3.865932e-01 1.113976e-02 1.473404e+02
-3.778715e-01 -9.258580e-01 -4.341906e-04 -1.323794e+02 9.839436e-03 -3.546847e-03 -9.999453e-01 -1.137054e+01 9.258057e-01 -3.778551e-01 1.045017e-02 1.482614e+02
-3.672946e-01 -9.301046e-01 4.576781e-04 -1.327536e+02 8.141084e-03 -3.706934e-03 -9.999600e-01 -1.137173e+01 9.300690e-01 -3.672762e-01 8.933596e-03 1.491716e+02
-3.528820e-01 -9.356670e-01 -1.241291e-03 -1.331121e+02 7.311195e-03 -1.430779e-03 -9.999722e-01 -1.137549e+01 9.356393e-01 -3.528813e-01 7.345740e-03 1.501352e+02
-3.378977e-01 -9.411707e-01 -4.779807e-03 -1.334734e+02 8.407021e-03 2.060110e-03 -9.999625e-01 -1.137403e+01 9.411453e-01 -3.379252e-01 7.216335e-03 1.510973e+02
-3.190288e-01 -9.477043e-01 -8.787075e-03 -1.338289e+02 1.152211e-02 5.392483e-03 -9.999191e-01 -1.136110e+01 9.476750e-01 -3.191042e-01 9.199196e-03 1.521039e+02
-2.994658e-01 -9.540328e-01 -1.190212e-02 -1.341837e+02 1.323874e-02 8.318490e-03 -9.998778e-01 -1.136139e+01 9.540152e-01 -2.995868e-01 1.013909e-02 1.531290e+02
-2.803970e-01 -9.597920e-01 -1.329594e-02 -1.345192e+02 1.419560e-02 9.703738e-03 -9.998521e-01 -1.135872e+01 9.597791e-01 -2.805443e-01 1.090393e-02 1.541396e+02
-2.574580e-01 -9.661740e-01 -1.493774e-02 -1.348089e+02 1.593923e-02 1.121042e-02 -9.998101e-01 -1.133754e+01 9.661580e-01 -2.576472e-01 1.251385e-02 1.551838e+02
-2.360086e-01 -9.716232e-01 -1.575459e-02 -1.350975e+02 1.887013e-02 1.162715e-02 -9.997543e-01 -1.133386e+01 9.715677e-01 -2.362479e-01 1.559055e-02 1.562195e+02
-2.130962e-01 -9.768648e-01 -1.803608e-02 -1.353464e+02 2.246392e-02 1.355653e-02 -9.996557e-01 -1.131561e+01 9.767730e-01 -2.134280e-01 1.905537e-02 1.573015e+02
-1.915164e-01 -9.812910e-01 -1.973623e-02 -1.355972e+02 2.668318e-02 1.489543e-02 -9.995329e-01 -1.130057e+01 9.811267e-01 -1.919535e-01 2.333125e-02 1.583693e+02
-1.672849e-01 -9.856460e-01 -2.275275e-02 -1.357667e+02 3.046877e-02 1.789850e-02 -9.993755e-01 -1.127628e+01 9.854377e-01 -1.678736e-01 2.703727e-02 1.595272e+02
-1.457400e-01 -9.890270e-01 -2.419779e-02 -1.359645e+02 3.061702e-02 1.993829e-02 -9.993323e-01 -1.125010e+01 9.888490e-01 -1.463835e-01 2.737525e-02 1.606348e+02
-1.230476e-01 -9.921008e-01 -2.439864e-02 -1.360936e+02 2.884320e-02 2.099990e-02 -9.993634e-01 -1.122606e+01 9.919815e-01 -1.236730e-01 2.603137e-02 1.618227e+02
-1.011527e-01 -9.945636e-01 -2.472390e-02 -1.361968e+02 2.784667e-02 2.201122e-02 -9.993699e-01 -1.120333e+01 9.944811e-01 -1.017775e-01 2.546879e-02 1.630128e+02
-8.176615e-02 -9.963752e-01 -2.346722e-02 -1.363264e+02 2.965127e-02 2.110370e-02 -9.993375e-01 -1.118241e+01 9.962104e-01 -8.240782e-02 2.781822e-02 1.641817e+02
-6.083562e-02 -9.978552e-01 -2.416709e-02 -1.363981e+02 3.154552e-02 2.227775e-02 -9.992540e-01 -1.116108e+01 9.976492e-01 -6.155260e-02 3.012258e-02 1.653915e+02
-4.043340e-02 -9.988858e-01 -2.433951e-02 -1.364790e+02 3.235329e-02 2.303782e-02 -9.992110e-01 -1.112984e+01 9.986583e-01 -4.118896e-02 3.138574e-02 1.665958e+02
-2.012619e-02 -9.994658e-01 -2.575167e-02 -1.365217e+02 3.287302e-02 2.508144e-02 -9.991448e-01 -1.109479e+01 9.992568e-01 -2.095551e-02 3.235066e-02 1.678371e+02
3.251584e-04 -9.996621e-01 -2.599235e-02 -1.365504e+02 3.331887e-02 2.598875e-02 -9.991068e-01 -1.106200e+01 9.994447e-01 -5.411679e-04 3.331606e-02 1.690622e+02
2.117226e-02 -9.993829e-01 -2.802748e-02 -1.365329e+02 3.308513e-02 2.871878e-02 -9.990398e-01 -1.102761e+01 9.992282e-01 2.022464e-02 3.367276e-02 1.703044e+02
4.049052e-02 -9.987561e-01 -2.910198e-02 -1.365269e+02 3.200023e-02 3.040714e-02 -9.990252e-01 -1.099354e+01 9.986674e-01 3.951978e-02 3.319162e-02 1.715433e+02
6.079223e-02 -9.977122e-01 -2.957523e-02 -1.364353e+02 3.032870e-02 3.146270e-02 -9.990447e-01 -1.097116e+01 9.976895e-01 5.983718e-02 3.217200e-02 1.727923e+02
7.847252e-02 -9.964265e-01 -3.124700e-02 -1.363736e+02 2.780164e-02 3.351880e-02 -9.990513e-01 -1.093905e+01 9.965286e-01 7.752936e-02 3.033260e-02 1.740457e+02
9.793034e-02 -9.946676e-01 -3.234209e-02 -1.362150e+02 2.617949e-02 3.506184e-02 -9.990422e-01 -1.090914e+01 9.948488e-01 9.698984e-02 2.947351e-02 1.753569e+02
