-1.000000e+00 2.842171e-14 0.000000e+00 0.000000e+00 2.842171e-14 -1.000000e+00 0.000000e+00 0.000000e+00 0.000000e+00 0.000000e+00 1.000000e+00 0.000000e+00
-9.999991e-01 -9.725018e-05 1.310739e-03 1.277798e-02 9.705451e-05 -9.999999e-01 -1.493512e-04 5.671887e-04 1.310754e-03 -1.492239e-04 9.999992e-01 3.981673e-01
-9.999996e-01 -2.735695e-04 -7.454585e-04 1.628687e-02 2.738134e-04 -9.999999e-01 -3.270388e-04 1.029762e-03 -7.453691e-04 -3.272428e-04 9.999997e-01 9.755951e-01
-9.999880e-01 -4.093960e-04 -4.881278e-03 1.157627e-02 4.118622e-04 -9.999998e-01 -5.042275e-04 1.138779e-03 -4.881070e-03 -5.062319e-04 9.999880e-01 1.637157e+00
-9.999515e-01 -6.172116e-04 -9.825110e-03 3.647823e-03 6.242268e-04 -9.999996e-01 -7.109552e-04 8.913437e-04 -9.824666e-03 -7.170538e-04 9.999515e-01 2.359797e+00
-9.998828e-01 -9.651670e-04 -1.527779e-02 -2.496830e-02 9.793988e-04 -9.999991e-01 -9.240875e-04 3.041798e-04 -1.527689e-02 -9.389422e-04 9.998829e-01 3.118683e+00
-9.995694e-01 -3.268899e-03 -2.915782e-02 -1.134527e-01 3.349008e-03 -9.999908e-01 -2.699002e-03 -1.738478e-02 -2.914873e-02 -2.795490e-03 9.995711e-01 4.491324e+00
-9.993939e-01 -3.646011e-03 -3.461824e-02 -1.480719e-01 3.741028e-03 -9.999894e-01 -2.680334e-03 -1.966314e-02 -3.460810e-02 -2.808218e-03 9.993970e-01 5.271350e+00
-9.992424e-01 -3.957878e-03 -3.871732e-02 -1.761886e-01 4.058009e-03 -9.999887e-01 -2.507960e-03 -2.239937e-02 -3.870695e-02 -2.663175e-03 9.992471e-01 6.065868e+00
-9.993004e-01 -6.231203e-03 -3.687814e-02 -2.131709e-01 6.095007e-03 -9.999742e-01 3.804406e-03 -2.757500e-02 -3.690089e-02 3.576972e-03 9.993125e-01 6.936073e+00
-9.991886e-01 -6.579814e-03 -3.973502e-02 -2.510223e-01 6.428478e-03 -9.999716e-01 3.935197e-03 -2.549763e-02 -3.975978e-02 3.676568e-03 9.992025e-01 7.746488e+00
-9.990564e-01 -6.810287e-03 -4.289426e-02 -2.845058e-01 6.642110e-03 -9.999697e-01 4.062031e-03 -2.377174e-02 -4.292062e-02 3.773290e-03 9.990714e-01 8.568608e+00
-9.990360e-01 -7.035486e-03 -4.332961e-02 -3.208905e-01 6.859223e-03 -9.999676e-01 4.215293e-03 -2.185813e-02 -4.335786e-02 3.914021e-03 9.990519e-01 9.425927e+00
-9.990388e-01 -4.630100e-03 -4.359012e-02 -3.672819e-01 4.474006e-03 -9.999832e-01 3.677836e-03 -3.594554e-02 -4.360642e-02 3.479278e-03 9.990427e-01 1.033976e+01
-9.990662e-01 -4.849244e-03 -4.293330e-02 -4.040444e-01 4.693692e-03 -9.999820e-01 3.723174e-03 -3.494568e-02 -4.295059e-02 3.518181e-03 9.990710e-01 1.121293e+01
-9.989973e-01 -5.073697e-03 -4.447987e-02 -4.510074e-01 4.915810e-03 -9.999812e-01 3.658281e-03 -3.406163e-02 -4.449760e-02 3.435959e-03 9.990036e-01 1.210108e+01
-9.989363e-01 -5.509636e-03 -4.578023e-02 -4.925726e-01 5.353871e-03 -9.999795e-01 3.524368e-03 -3.344567e-02 -4.579870e-02 3.275518e-03 9.989453e-01 1.299592e+01
-9.986680e-01 -8.697050e-03 -5.085844e-02 -5.563392e-01 8.847348e-03 -9.999571e-01 -2.730843e-03 -5.478369e-02 -5.083251e-02 -3.177169e-03 9.987021e-01 1.381389e+01
-9.986376e-01 -9.119412e-03 -5.137722e-02 -5.988629e-01 9.272872e-03 -9.999532e-01 -2.749324e-03 -6.037411e-02 -5.134975e-02 -3.221993e-03 9.986755e-01 1.471525e+01
-9.986007e-01 -9.531372e-03 -5.201647e-02 -6.475915e-01 9.684009e-03 -9.999496e-01 -2.683105e-03 -6.623926e-02 -5.198827e-02 -3.183078e-03 9.986426e-01 1.564644e+01
-9.985747e-01 -9.909086e-03 -5.244463e-02 -7.066998e-01 1.005900e-02 -9.999460e-01 -2.595247e-03 -7.225392e-02 -5.241609e-02 -3.119088e-03 9.986205e-01 1.655193e+01
-9.984415e-01 -8.396767e-03 -5.517487e-02 -7.746384e-01 8.325730e-03 -9.999642e-01 1.517230e-03 -7.974751e-02 -5.518563e-02 1.055494e-03 9.984756e-01 1.742955e+01
-9.983959e-01 -8.655104e-03 -5.595433e-02 -8.387082e-01 8.581491e-03 -9.999620e-01 1.555727e-03 -8.235885e-02 -5.596567e-02 1.073059e-03 9.984321e-01 1.834457e+01
-9.984134e-01 -8.898964e-03 -5.560016e-02 -8.974034e-01 8.819433e-03 -9.999596e-01 1.675609e-03 -8.503238e-02 -5.561283e-02 1.182589e-03 9.984517e-01 1.925234e+01
-9.984907e-01 -9.167316e-03 -5.415006e-02 -9.511936e-01 9.074327e-03 -9.999569e-01 1.962869e-03 -8.762481e-02 -5.416572e-02 1.468531e-03 9.985309e-01 2.016618e+01
-9.984897e-01 -8.395730e-03 -5.429389e-02 -9.990268e-01 8.092014e-03 -9.999504e-01 5.811341e-03 -9.450838e-02 -5.433999e-02 5.363216e-03 9.985080e-01 2.111025e+01
-9.986230e-01 -8.620416e-03 -5.174679e-02 -1.057359e+00 8.299215e-03 -9.999450e-01 6.418826e-03 -9.375150e-02 -5.179927e-02 5.980530e-03 9.986396e-01 2.202532e+01
-9.987313e-01 -8.830132e-03 -4.957696e-02 -1.110970e+00 8.490294e-03 -9.999390e-01 7.061160e-03 -9.264112e-02 -4.963629e-02 6.631278e-03 9.987454e-01 2.296133e+01
-9.987952e-01 -9.072630e-03 -4.822577e-02 -1.153430e+00 8.718601e-03 -9.999335e-01 7.546363e-03 -9.131757e-02 -4.829103e-02 7.116811e-03 9.988080e-01 2.389571e+01
-9.986638e-01 -7.235477e-03 -5.116799e-02 -1.217208e+00 6.693524e-03 -9.999198e-01 1.075509e-02 -8.209461e-02 -5.124170e-02 1.039823e-02 9.986321e-01 2.490676e+01
-9.987315e-01 -7.472012e-03 -4.979414e-02 -1.264287e+00 6.940278e-03 -9.999171e-01 1.084301e-02 -7.730739e-02 -4.987103e-02 1.048367e-02 9.987006e-01 2.584403e+01
-9.987254e-01 -7.563220e-03 -4.990244e-02 -1.301954e+00 7.022426e-03 -9.999148e-01 1.100348e-02 -7.243792e-02 -4.998141e-02 1.063902e-02 9.986935e-01 2.679059e+01
-9.987733e-01 -7.558824e-03 -4.893399e-02 -1.353060e+00 7.009239e-03 -9.999105e-01 1.139304e-02 -6.739394e-02 -4.901573e-02 1.103607e-02 9.987370e-01 2.773782e+01
-9.987680e-01 -2.653368e-03 -4.955092e-02 -1.398049e+00 2.181090e-03 -9.999517e-01 9.582820e-03 -8.224121e-02 -4.957396e-02 9.462940e-03 9.987257e-01 2.879809e+01
-9.987565e-01 -2.080592e-03 -4.981139e-02 -1.455711e+00 1.578956e-03 -9.999477e-01 1.010795e-02 -7.893600e-02 -4.982981e-02 1.001673e-02 9.987075e-01 2.977515e+01
-9.987383e-01 -1.440987e-03 -5.019557e-02 -1.503740e+00 9.177718e-04 -9.999450e-01 1.044502e-02 -7.521396e-02 -5.020786e-02 1.038577e-02 9.986848e-01 3.075885e+01
-9.987202e-01 -8.373292e-04 -5.056906e-02 -1.549478e+00 3.031646e-04 -9.999442e-01 1.056982e-02 -7.121585e-02 -5.057508e-02 1.054096e-02 9.986647e-01 3.174089e+01
-9.984480e-01 8.625980e-03 -5.502017e-02 -1.611540e+00 -8.923197e-03 -9.999468e-01 5.158597e-03 -8.899210e-02 -5.497275e-02 5.641547e-03 9.984719e-01 3.274772e+01
-9.984127e-01 9.233406e-03 -5.555922e-02 -1.651616e+00 -9.543128e-03 -9.999404e-01 5.311895e-03 -9.003513e-02 -5.550686e-02 5.833672e-03 9.984413e-01 3.373825e+01
-9.983376e-01 9.658872e-03 -5.682206e-02 -1.706120e+00 -9.992227e-03 -9.999345e-01 5.585425e-03 -9.099936e-02 -5.676439e-02 6.143918e-03 9.983687e-01 3.473013e+01
-9.983423e-01 9.992809e-03 -5.668148e-02 -1.764051e+00 -1.034599e-02 -9.999288e-01 5.940898e-03 -9.195873e-02 -5.661809e-02 6.517476e-03 9.983746e-01 3.571885e+01
-9.980807e-01 4.893940e-03 -6.173328e-02 -1.874613e+00 -5.548960e-03 -9.999301e-01 1.044351e-02 -8.079987e-02 -6.167785e-02 1.076602e-02 9.980381e-01 3.676271e+01
-9.979713e-01 5.124681e-03 -6.345911e-02 -1.938936e+00 -5.839142e-03 -9.999216e-01 1.107826e-02 -7.750371e-02 -6.339736e-02 1.142634e-02 9.979230e-01 3.777193e+01
-9.978994e-01 5.092568e-03 -6.458260e-02 -2.019171e+00 -5.866398e-03 -9.999132e-01 1.179804e-02 -7.357263e-02 -6.451692e-02 1.215212e-02 9.978426e-01 3.877275e+01
-9.978355e-01 4.986072e-03 -6.557118e-02 -2.091769e+00 -5.817616e-03 -9.999050e-01 1.249673e-02 -6.959502e-02 -6.550264e-02 1.285115e-02 9.977697e-01 3.975843e+01
-9.980785e-01 -1.126668e-03 -6.195202e-02 -2.156411e+00 -2.822026e-05 -9.998263e-01 1.863763e-02 -5.015711e-02 -6.196226e-02 1.860356e-02 9.979051e-01 4.074513e+01
-9.980713e-01 -1.419606e-03 -6.206146e-02 -2.229468e+00 2.337405e-04 -9.998173e-01 1.911101e-02 -3.986113e-02 -6.207725e-02 1.905964e-02 9.978893e-01 4.174940e+01
-9.981157e-01 -1.698974e-03 -6.133620e-02 -2.299584e+00 4.989698e-04 -9.998083e-01 1.957439e-02 -2.960799e-02 -6.135770e-02 1.950690e-02 9.979252e-01 4.273914e+01
-9.982994e-01 -1.845908e-03 -5.826568e-02 -2.374006e+00 6.766287e-04 -9.997981e-01 2.008142e-02 -1.891518e-02 -5.829099e-02 2.000785e-02 9.980991e-01 4.373343e+01
-9.981681e-01 -2.581973e-04 -6.050078e-02 -2.390737e+00 -7.489817e-04 -9.998615e-01 1.662410e-02 -3.135437e-02 -6.049670e-02 1.663896e-02 9.980297e-01 4.472648e+01
-9.981807e-01 -4.831644e-04 -6.029192e-02 -2.471075e+00 -5.408963e-04 -9.998559e-01 1.696756e-02 -2.392594e-02 -6.029144e-02 1.696930e-02 9.980366e-01 4.572690e+01
-9.982417e-01 -8.002411e-04 -5.926935e-02 -2.538206e+00 -2.124492e-04 -9.998542e-01 1.707796e-02 -1.647685e-02 -5.927437e-02 1.706053e-02 9.980959e-01 4.670886e+01
-9.983007e-01 -1.121924e-03 -5.826214e-02 -2.611034e+00 1.241938e-04 -9.998533e-01 1.712564e-02 -8.952660e-03 -5.827281e-02 1.708931e-02 9.981544e-01 4.769081e+01
-9.979624e-01 -6.128780e-03 -6.351075e-02 -2.695514e+00 5.565736e-03 -9.999437e-01 9.038459e-03 -3.305673e-02 -6.356256e-02 8.666558e-03 9.979402e-01 4.860547e+01
-9.980203e-01 -6.214803e-03 -6.258469e-02 -2.750732e+00 5.635541e-03 -9.999397e-01 9.427911e-03 -3.372414e-02 -6.263950e-02 9.056548e-03 9.979951e-01 4.959057e+01
-9.980673e-01 -6.260902e-03 -6.182494e-02 -2.815835e+00 5.663670e-03 -9.999357e-01 9.830593e-03 -3.415329e-02 -6.188251e-02 9.461437e-03 9.980386e-01 5.056086e+01
-9.980446e-01 -6.150615e-03 -6.220336e-02 -2.861090e+00 5.527397e-03 -9.999329e-01 1.018617e-02 -3.483804e-02 -6.226184e-02 9.822425e-03 9.980115e-01 5.151463e+01
-9.978808e-01 2.526151e-03 -6.502033e-02 -2.928760e+00 -3.564413e-03 -9.998679e-01 1.585722e-02 -2.272851e-02 -6.497169e-02 1.605538e-02 9.977579e-01 5.246552e+01
-9.978960e-01 2.743674e-03 -6.477804e-02 -2.999698e+00 -3.800662e-03 -9.998615e-01 1.619947e-02 -1.786080e-02 -6.472463e-02 1.641159e-02 9.977682e-01 5.343399e+01
-9.978763e-01 3.071742e-03 -6.506489e-02 -3.057062e+00 -4.168074e-03 -9.998515e-01 1.672079e-02 -1.293242e-02 -6.500387e-02 1.695647e-02 9.977409e-01 5.439222e+01
-9.976826e-01 3.417724e-03 -6.795415e-02 -3.113498e+00 -4.617264e-03 -9.998362e-01 1.750299e-02 -7.935428e-03 -6.788319e-02 1.777619e-02 9.975349e-01 5.536454e+01
-9.975479e-01 1.173119e-02 -6.899714e-02 -3.177007e+00 -1.352963e-02 -9.995793e-01 2.565603e-02 1.554947e-04 -6.866715e-02 2.652662e-02 9.972869e-01 5.628821e+01
-9.976475e-01 1.175302e-02 -6.753719e-02 -3.235645e+00 -1.356059e-02 -9.995603e-01 2.636820e-02 1.196233e-02 -6.719759e-02 2.722201e-02 9.973682e-01 5.721779e+01
-9.974272e-01 1.151712e-02 -7.075547e-02 -3.299926e+00 -1.343303e-02 -9.995543e-01 2.666213e-02 2.361845e-02 -7.041687e-02 2.754400e-02 9.971373e-01 5.815022e+01
-9.973131e-01 1.119253e-02 -7.239649e-02 -3.375647e+00 -1.315922e-02 -9.995556e-01 2.674592e-02 3.522671e-02 -7.206498e-02 2.762674e-02 9.970173e-01 5.907939e+01
-9.972966e-01 2.644032e-03 -7.343306e-02 -3.494803e+00 -3.529157e-03 -9.999226e-01 1.192636e-02 1.434293e-02 -7.339586e-02 1.215327e-02 9.972289e-01 5.998869e+01
-9.971761e-01 1.910817e-03 -7.507465e-02 -3.572143e+00 -2.835313e-03 -9.999214e-01 1.220971e-02 1.238468e-02 -7.504542e-02 1.238809e-02 9.971032e-01 6.090871e+01
-9.970800e-01 1.104233e-03 -7.635675e-02 -3.655238e+00 -2.071820e-03 -9.999186e-01 1.259386e-02 9.974457e-03 -7.633663e-02 1.271528e-02 9.970011e-01 6.179234e+01
-9.969357e-01 3.081740e-04 -7.822528e-02 -3.734033e+00 -1.324647e-03 -9.999154e-01 1.294262e-02 7.660007e-03 -7.821467e-02 1.300658e-02 9.968517e-01 6.265419e+01
-9.969953e-01 -6.144158e-03 -7.721689e-02 -3.789362e+00 4.858503e-03 -9.998466e-01 1.682677e-02 3.263082e-02 -7.730842e-02 1.640105e-02 9.968723e-01 6.348989e+01
-9.969007e-01 -7.001467e-03 -7.835719e-02 -3.866432e+00 5.668645e-03 -9.998357e-01 1.721909e-02 3.393663e-02 -7.846487e-02 1.672154e-02 9.967766e-01 6.434915e+01
-9.967226e-01 -7.839821e-03 -8.051478e-02 -3.933263e+00 6.439005e-03 -9.998236e-01 1.764319e-02 3.493664e-02 -8.063890e-02 1.706693e-02 9.965973e-01 6.518983e+01
-9.966619e-01 -8.643840e-03 -8.118069e-02 -4.006874e+00 7.197472e-03 -9.998104e-01 1.809242e-02 3.604000e-02 -8.132169e-02 1.744773e-02 9.965351e-01 6.601408e+01
-9.965988e-01 -9.625034e-03 -8.184163e-02 -4.063853e+00 7.991038e-03 -9.997627e-01 2.026951e-02 3.993797e-02 -8.201730e-02 1.954657e-02 9.964392e-01 6.676421e+01
-9.965741e-01 -1.055950e-02 -8.202789e-02 -4.139287e+00 8.863228e-03 -9.997399e-01 2.101595e-02 4.286855e-02 -8.222847e-02 2.021692e-02 9.964084e-01 6.756522e+01
-9.965183e-01 -1.160266e-02 -8.256390e-02 -4.200309e+00 9.830419e-03 -9.997132e-01 2.183937e-02 4.534601e-02 -8.279362e-02 2.095169e-02 9.963465e-01 6.834031e+01
-9.963856e-01 -1.275930e-02 -8.398197e-02 -4.274434e+00 1.090870e-02 -9.996883e-01 2.245785e-02 4.816597e-02 -8.424234e-02 2.146054e-02 9.962142e-01 6.910545e+01
-9.958240e-01 -1.693377e-02 -8.970952e-02 -4.371416e+00 1.473698e-02 -9.995764e-01 2.509394e-02 7.187928e-02 -9.009646e-02 2.366710e-02 9.956518e-01 6.982007e+01
-9.958502e-01 -1.813124e-02 -8.918232e-02 -4.433627e+00 1.595753e-02 -9.995594e-01 2.502668e-02 7.502910e-02 -8.959679e-02 2.349969e-02 9.957008e-01 7.052879e+01
-9.956971e-01 -1.938266e-02 -9.061829e-02 -4.490927e+00 1.718801e-02 -9.995413e-01 2.493667e-02 7.830214e-02 -9.106006e-02 2.327183e-02 9.955735e-01 7.123100e+01
-9.955681e-01 -2.068771e-02 -9.173981e-02 -4.556810e+00 1.846248e-02 -9.995160e-01 2.503862e-02 8.170937e-02 -9.221339e-02 2.323390e-02 9.954682e-01 7.192779e+01
-9.955814e-01 -1.978245e-02 -9.179477e-02 -4.641559e+00 1.854868e-02 -9.997261e-01 1.427434e-02 7.436486e-02 -9.205201e-02 1.250859e-02 9.956756e-01 7.255355e+01
-9.954925e-01 -2.085000e-02 -9.252006e-02 -4.694926e+00 1.960475e-02 -9.997049e-01 1.434780e-02 6.931365e-02 -9.279191e-02 1.246930e-02 9.956074e-01 7.321774e+01
-9.956807e-01 -2.150077e-02 -9.031889e-02 -4.746249e+00 2.030337e-02 -9.996936e-01 1.415548e-02 6.374829e-02 -9.059557e-02 1.226056e-02 9.958123e-01 7.386024e+01
-9.962041e-01 -2.189916e-02 -8.424788e-02 -4.791377e+00 2.082090e-02 -9.996900e-01 1.365609e-02 5.813306e-02 -8.452082e-02 1.185014e-02 9.963512e-01 7.449722e+01
-9.960130e-01 -4.983093e-03 -8.906814e-02 -4.872552e+00 4.676801e-03 -9.999825e-01 3.647208e-03 5.301676e-02 -8.908475e-02 3.216113e-03 9.960189e-01 7.499531e+01
-9.963992e-01 -5.708346e-03 -8.459253e-02 -4.932819e+00 5.437970e-03 -9.999793e-01 3.426288e-03 4.190667e-02 -8.461034e-02 2.953940e-03 9.964097e-01 7.559186e+01
-9.968273e-01 -6.348240e-03 -7.934134e-02 -4.975042e+00 6.098390e-03 -9.999757e-01 3.390986e-03 3.056845e-02 -7.936095e-02 2.896373e-03 9.968417e-01 7.614521e+01
-9.972767e-01 -6.778850e-03 -7.343815e-02 -5.002102e+00 6.533378e-03 -9.999722e-01 3.582272e-03 1.916933e-02 -7.346040e-02 3.092717e-03 9.972933e-01 7.668974e+01
-9.978633e-01 -6.979686e-03 -6.496231e-02 -5.024583e+00 6.737451e-03 -9.999695e-01 3.947183e-03 7.576247e-03 -6.498788e-02 3.501069e-03 9.978799e-01 7.722845e+01
-9.983658e-01 -7.356949e-03 -5.667202e-02 -5.057985e+00 6.527584e-03 -9.998691e-01 1.480572e-02 4.674301e-02 -5.677353e-02 1.441159e-02 9.982830e-01 7.768334e+01
-9.989578e-01 -7.961505e-03 -4.494505e-02 -5.081735e+00 7.288873e-03 -9.998593e-01 1.510977e-02 4.121600e-02 -4.505902e-02 1.476642e-02 9.988752e-01 7.819018e+01
-9.994930e-01 -8.813771e-03 -3.059594e-02 -5.104319e+00 8.344770e-03 -9.998462e-01 1.542286e-02 3.596907e-02 -3.072717e-02 1.515973e-02 9.994128e-01 7.868013e+01
-9.998456e-01 -1.617354e-02 -6.880437e-03 -5.116319e+00 1.604475e-02 -9.997024e-01 1.837797e-02 5.727479e-02 -7.175626e-03 1.826473e-02 9.998075e-01 7.916479e+01
-9.997917e-01 -1.669657e-02 1.173240e-02 -5.122288e+00 1.691319e-02 -9.996837e-01 1.861360e-02 5.382528e-02 1.141791e-02 1.880815e-02 9.997579e-01 7.964304e+01
-9.992172e-01 -1.712552e-02 3.566122e-02 -5.107145e+00 1.780484e-02 -9.996644e-01 1.881955e-02 5.021743e-02 3.532696e-02 1.943976e-02 9.991867e-01 8.010540e+01
-9.980032e-01 -1.751489e-02 6.068567e-02 -5.083347e+00 1.870332e-02 -9.996431e-01 1.907093e-02 4.696575e-02 6.032999e-02 2.016788e-02 9.979747e-01 8.056752e+01
-9.935293e-01 -9.892404e-03 1.131446e-01 -4.941396e+00 1.267489e-02 -9.996340e-01 2.389940e-02 6.626008e-02 1.128668e-01 2.517885e-02 9.932911e-01 8.098074e+01
-9.895707e-01 -1.023597e-02 1.436839e-01 -4.879146e+00 1.385944e-02 -9.996101e-01 2.424015e-02 6.604075e-02 1.433797e-01 2.597872e-02 9.893267e-01 8.144310e+01
-9.840900e-01 -1.054849e-02 1.773575e-01 -4.803024e+00 1.512847e-02 -9.995856e-01 2.449096e-02 6.608326e-02 1.770257e-01 2.678446e-02 9.838417e-01 8.189888e+01
-9.768150e-01 -1.093466e-02 2.138054e-01 -4.716341e+00 1.656852e-02 -9.995607e-01 2.457620e-02 6.642502e-02 2.134427e-01 2.754884e-02 9.765670e-01 8.235307e+01
-9.663405e-01 -1.131567e-02 2.570173e-01 -4.614573e+00 1.818260e-02 -9.995379e-01 2.435692e-02 6.639954e-02 2.566229e-01 2.821032e-02 9.660998e-01 8.278773e+01
-9.377177e-01 -1.195533e-02 3.471923e-01 -4.347002e+00 2.088719e-02 -9.995399e-01 2.199488e-02 8.233004e-02 3.467696e-01 2.787686e-02 9.375359e-01 8.309602e+01
-9.200478e-01 -1.227619e-02 3.916135e-01 -4.186369e+00 2.244412e-02 -9.995191e-01 2.139708e-02 8.185350e-02 3.911625e-01 2.847576e-02 9.198810e-01 8.352170e+01
-8.956429e-01 -1.257599e-02 4.445960e-01 -3.991938e+00 2.416686e-02 -9.994995e-01 2.041220e-02 7.965375e-02 4.441168e-01 2.902653e-02 8.954986e-01 8.387728e+01
-8.669376e-01 -1.273307e-02 4.982540e-01 -3.784037e+00 2.572980e-02 -9.994841e-01 1.922640e-02 7.710464e-02 4.977521e-01 2.948806e-02 8.668179e-01 8.421966e+01
-8.093204e-01 -1.324326e-02 5.872180e-01 -3.426448e+00 2.499886e-02 -9.996166e-01 1.191025e-02 8.849136e-02 5.868351e-01 2.431899e-02 8.093411e-01 8.430166e+01
-7.700395e-01 -1.317453e-02 6.378601e-01 -3.163805e+00 2.595273e-02 -9.996061e-01 1.068460e-02 8.226835e-02 6.374681e-01 2.478178e-02 7.700781e-01 8.458125e+01
-7.266770e-01 -1.304274e-02 6.868554e-01 -2.897249e+00 2.690868e-02 -9.995929e-01 9.487420e-03 7.624254e-02 6.864520e-01 2.537666e-02 7.267321e-01 8.484837e+01
-6.770953e-01 -7.809867e-03 7.358539e-01 -2.556399e+00 2.439713e-02 -9.996322e-01 1.183956e-02 8.769578e-02 7.354909e-01 2.596923e-02 6.770369e-01 8.506902e+01
-6.285875e-01 -7.446156e-03 7.777031e-01 -2.248782e+00 2.522791e-02 -9.996232e-01 1.081981e-02 8.223759e-02 7.773295e-01 2.642103e-02 6.285385e-01 8.528777e+01
-5.788605e-01 -6.894844e-03 8.153974e-01 -1.932048e+00 2.570275e-02 -9.996216e-01 9.794079e-03 7.609412e-02 8.150214e-01 2.662736e-02 5.788187e-01 8.548138e+01
-5.275863e-01 -6.436026e-03 8.494771e-01 -1.605693e+00 2.619956e-02 -9.996189e-01 8.698238e-03 7.021368e-02 8.490974e-01 2.684500e-02 5.275538e-01 8.567001e+01
-4.778070e-01 -6.117344e-03 8.784436e-01 -1.280146e+00 2.680722e-02 -9.996116e-01 7.619962e-03 6.378002e-02 8.780558e-01 2.718950e-02 4.777854e-01 8.582049e+01
-4.401464e-01 -2.566705e-03 8.979223e-01 -9.149110e-01 2.059033e-02 -9.997618e-01 7.235219e-03 7.463549e-02 8.976899e-01 2.167307e-02 4.400944e-01 8.595477e+01
-3.940111e-01 -2.210109e-03 9.191030e-01 -5.532395e-01 2.081925e-02 -9.997620e-01 6.520959e-03 6.922814e-02 9.188698e-01 2.170437e-02 3.939633e-01 8.609706e+01
-3.491745e-01 -1.413750e-03 9.370566e-01 -1.856168e-01 2.029946e-02 -9.997756e-01 6.055794e-03 6.298769e-02 9.368378e-01 2.113627e-02 3.491249e-01 8.620513e+01
-3.059189e-01 -4.678357e-04 9.520574e-01 1.741544e-01 1.949167e-02 -9.997934e-01 5.771847e-03 5.711197e-02 9.518580e-01 2.032290e-02 3.058648e-01 8.630490e+01
-2.810858e-01 4.677230e-03 9.596712e-01 5.113043e-01 4.512301e-03 -9.999707e-01 6.195285e-03 5.993601e-02 9.596720e-01 6.071732e-03 2.810564e-01 8.635471e+01
-2.440386e-01 4.939654e-03 9.697529e-01 8.838133e-01 4.475574e-03 -9.999707e-01 6.219855e-03 5.504757e-02 9.697552e-01 5.858087e-03 2.440093e-01 8.646026e+01
-2.095850e-01 4.977438e-03 9.777778e-01 1.248447e+00 4.703309e-03 -9.999704e-01 6.098557e-03 5.004076e-02 9.777791e-01 5.876957e-03 2.095554e-01 8.654297e+01
-1.791856e-01 4.940159e-03 9.838029e-01 1.628313e+00 4.839044e-03 -9.999709e-01 5.902709e-03 4.494755e-02 9.838034e-01 5.818347e-03 1.791565e-01 8.660651e+01
-1.750081e-01 -8.324501e-03 9.845318e-01 2.025246e+00 1.987638e-02 -9.997904e-01 -4.920337e-03 5.414233e-02 9.843663e-01 1.870783e-02 1.751368e-01 8.670329e+01
-1.513456e-01 -8.651910e-03 9.884430e-01 2.416952e+00 1.904381e-02 -9.998016e-01 -5.835437e-03 4.551418e-02 9.882975e-01 1.794056e-02 1.514803e-01 8.676250e+01
-1.295683e-01 -1.023949e-02 9.915177e-01 2.834473e+00 1.849489e-02 -9.997976e-01 -7.908147e-03 3.977452e-02 9.913980e-01 1.731337e-02 1.297314e-01 8.680173e+01
-1.088864e-01 -1.180014e-02 9.939842e-01 3.257498e+00 1.806553e-02 -9.997879e-01 -9.890040e-03 3.365237e-02 9.938900e-01 1.687996e-02 1.090765e-01 8.684032e+01
-1.046128e-01 -2.594282e-02 9.941745e-01 3.756364e+00 4.200912e-03 -9.996623e-01 -2.564398e-02 3.221101e-02 9.945041e-01 1.493752e-03 1.046864e-01 8.687811e+01
-8.974539e-02 -2.696752e-02 9.955996e-01 4.223248e+00 3.567037e-03 -9.996356e-01 -2.675531e-02 1.733991e-02 9.959583e-01 1.150175e-03 8.980890e-02 8.691688e+01
-7.682845e-02 -2.781319e-02 9.966563e-01 4.694625e+00 2.913194e-03 -9.996128e-01 -2.767114e-02 1.841621e-03 9.970401e-01 7.775232e-04 7.687973e-02 8.696137e+01
-6.486601e-02 -2.855415e-02 9.974854e-01 5.190887e+00 2.114671e-03 -9.995922e-01 -2.847694e-02 -1.486299e-02 9.978917e-01 2.621678e-04 6.489994e-02 8.697810e+01
-5.862702e-02 -1.521683e-02 9.981640e-01 5.716542e+00 4.848954e-03 -9.998764e-01 -1.495813e-02 -8.062232e-03 9.982682e-01 3.963101e-03 5.869355e-02 8.701800e+01
-4.964674e-02 -1.593317e-02 9.986397e-01 6.244705e+00 4.104434e-03 -9.998676e-01 -1.574871e-02 -1.902699e-02 9.987584e-01 3.316979e-03 4.970556e-02 8.703975e+01
-4.361060e-02 -1.663209e-02 9.989101e-01 6.778208e+00 3.346414e-03 -9.998583e-01 -1.650178e-02 -3.040147e-02 9.990430e-01 2.623115e-03 4.366008e-02 8.704484e+01
-3.839656e-02 -1.418168e-02 9.991620e-01 7.354361e+00 -5.226008e-03 -9.998828e-01 -1.439274e-02 -3.629403e-02 9.992489e-01 -5.774260e-03 3.831795e-02 8.707015e+01
-3.292358e-02 -1.488295e-02 9.993471e-01 7.945292e+00 -5.925337e-03 -9.998686e-01 -1.508593e-02 -4.759158e-02 9.994403e-01 -6.418150e-03 3.283107e-02 8.708430e+01
-2.803205e-02 -1.554604e-02 9.994861e-01 8.550721e+00 -6.692038e-03 -9.998537e-01 -1.573945e-02 -5.955528e-02 9.995846e-01 -7.129808e-03 2.792392e-02 8.709859e+01
-2.352836e-02 -1.616278e-02 9.995925e-01 9.167124e+00 -7.491575e-03 -9.998384e-01 -1.634309e-02 -7.224157e-02 9.996951e-01 -7.873048e-03 2.340347e-02 8.711238e+01
-2.206669e-02 -1.546802e-02 9.996368e-01 9.830789e+00 -1.050280e-02 -9.998215e-01 -1.570273e-02 -7.823877e-02 9.997013e-01 -1.084550e-02 2.190029e-02 8.715285e+01
-1.797411e-02 -1.598152e-02 9.997107e-01 1.047117e+01 -1.144212e-02 -9.998034e-01 -1.618872e-02 -9.128769e-02 9.997730e-01 -1.172978e-02 1.778772e-02 8.716809e+01
-1.743868e-02 -1.643972e-02 9.997128e-01 1.113122e+01 -1.249254e-02 -9.997832e-01 -1.665880e-02 -1.051467e-01 9.997699e-01 -1.277946e-02 1.722953e-02 8.718129e+01
-1.846588e-02 -1.683265e-02 9.996879e-01 1.181763e+01 -1.360211e-02 -9.997615e-01 -1.708515e-02 -1.200913e-01 9.997370e-01 -1.391335e-02 1.823252e-02 8.720773e+01
-2.138695e-02 -1.340065e-02 9.996815e-01 1.257295e+01 -2.020284e-02 -9.997002e-01 -1.383312e-02 -1.217118e-01 9.995672e-01 -2.049226e-02 2.110981e-02 8.722678e+01
-2.333733e-02 -1.373858e-02 9.996333e-01 1.328176e+01 -2.137583e-02 -9.996701e-01 -1.423813e-02 -1.349666e-01 9.994991e-01 -2.170026e-02 2.303595e-02 8.725513e+01
-2.607818e-02 -1.403930e-02 9.995613e-01 1.400394e+01 -2.254478e-02 -9.996389e-01 -1.462858e-02 -1.484225e-01 9.994057e-01 -2.291638e-02 2.575225e-02 8.727889e+01
-2.859862e-02 -1.423642e-02 9.994896e-01 1.473727e+01 -2.372722e-02 -9.996072e-01 -1.491701e-02 -1.619732e-01 9.993094e-01 -2.414172e-02 2.824960e-02 8.729156e+01
-3.834825e-02 -1.078377e-02 9.992062e-01 1.556740e+01 -2.578877e-02 -9.995980e-01 -1.177774e-02 -1.647308e-01 9.989316e-01 -2.621995e-02 3.805473e-02 8.730607e+01
-4.130647e-02 -1.075709e-02 9.990886e-01 1.633694e+01 -2.666575e-02 -9.995740e-01 -1.186479e-02 -1.776232e-01 9.987906e-01 -2.713154e-02 4.100202e-02 8.736007e+01
-4.451411e-02 -1.064861e-02 9.989520e-01 1.712321e+01 -2.742813e-02 -9.995533e-01 -1.187724e-02 -1.903260e-01 9.986321e-01 -2.792809e-02 4.420215e-02 8.739677e+01
-4.781659e-02 -1.057452e-02 9.988002e-01 1.791611e+01 -2.800899e-02 -9.995366e-01 -1.192322e-02 -2.033058e-01 9.984633e-01 -2.854551e-02 4.749825e-02 8.743445e+01
-5.507260e-02 -6.539615e-03 9.984609e-01 1.878805e+01 -1.952008e-02 -9.997804e-01 -7.624936e-03 -2.021658e-01 9.982915e-01 -1.990996e-02 5.493286e-02 8.748478e+01
-5.759561e-02 -6.870503e-03 9.983163e-01 1.959564e+01 -1.969120e-02 -9.997740e-01 -8.016573e-03 -2.124139e-01 9.981458e-01 -2.011976e-02 5.744731e-02 8.753623e+01
-6.039302e-02 -7.304388e-03 9.981480e-01 2.040624e+01 -1.966922e-02 -9.997704e-01 -8.506349e-03 -2.231536e-01 9.979809e-01 -2.014652e-02 6.023548e-02 8.758044e+01
-6.287942e-02 -7.695624e-03 9.979914e-01 2.121254e+01 -1.952249e-02 -9.997694e-01 -8.939368e-03 -2.342632e-01 9.978302e-01 -2.004538e-02 6.271469e-02 8.762863e+01
-5.694661e-02 -1.855369e-02 9.982048e-01 2.206742e+01 -5.010516e-03 -9.998094e-01 -1.886936e-02 -2.747274e-01 9.983646e-01 -6.076068e-03 5.684279e-02 8.772141e+01
-5.356293e-02 -1.870308e-02 9.983893e-01 2.289911e+01 -4.855151e-03 -9.998079e-01 -1.899013e-02 -2.954834e-01 9.985527e-01 -5.864498e-03 5.346183e-02 8.776939e+01
-5.092681e-02 -1.881462e-02 9.985251e-01 2.373577e+01 -4.587477e-03 -9.998076e-01 -1.907276e-02 -3.167381e-01 9.986919e-01 -5.552026e-03 5.083070e-02 8.782417e+01
-4.957114e-02 -1.891444e-02 9.985915e-01 2.457546e+01 -4.230602e-03 -9.998077e-01 -1.914749e-02 -3.384904e-01 9.987616e-01 -5.173806e-03 4.948158e-02 8.788309e+01
-5.570653e-02 -1.469920e-02 9.983389e-01 2.536494e+01 6.527480e-07 -9.998916e-01 -1.472203e-02 -3.661182e-01 9.984472e-01 -8.194613e-04 5.570051e-02 8.792362e+01
-5.597898e-02 -1.483941e-02 9.983217e-01 2.619054e+01 6.435464e-04 -9.998899e-01 -1.482663e-02 -3.844265e-01 9.984317e-01 -1.875135e-04 5.598236e-02 8.799065e+01
-5.312980e-02 -1.493920e-02 9.984758e-01 2.701579e+01 1.378042e-03 -9.998882e-01 -1.488701e-02 -4.030486e-01 9.985867e-01 5.849981e-04 5.314445e-02 8.804127e+01
-4.727104e-02 -1.496460e-02 9.987700e-01 2.783826e+01 2.175151e-03 -9.998870e-01 -1.487839e-02 -4.218129e-01 9.988797e-01 1.469158e-03 4.729825e-02 8.809610e+01
-4.314635e-02 -1.400776e-02 9.989705e-01 2.862026e+01 1.122469e-02 -9.998454e-01 -1.353523e-02 -4.463007e-01 9.990057e-01 1.062914e-02 4.329691e-02 8.812824e+01
-3.588061e-02 -1.374450e-02 9.992616e-01 2.942794e+01 1.212187e-02 -9.998378e-01 -1.331717e-02 -4.642203e-01 9.992825e-01 1.163509e-02 3.604141e-02 8.817816e+01
-2.864553e-02 -1.346693e-02 9.994989e-01 3.022355e+01 1.304062e-02 -9.998292e-01 -1.309763e-02 -4.823641e-01 9.995045e-01 1.265890e-02 2.881625e-02 8.821587e+01
-2.198544e-02 -1.322730e-02 9.996708e-01 3.102588e+01 1.392155e-02 -9.998196e-01 -1.292310e-02 -5.006295e-01 9.996613e-01 1.363285e-02 2.216562e-02 8.823611e+01
-1.651797e-02 -1.011798e-02 9.998124e-01 3.184509e+01 1.690440e-02 -9.998087e-01 -9.838666e-03 -5.176226e-01 9.997206e-01 1.673872e-02 1.668585e-02 8.823933e+01
-8.349358e-03 -9.845237e-03 9.999167e-01 3.261960e+01 1.766309e-02 -9.997970e-01 -9.696570e-03 -5.332237e-01 9.998091e-01 1.758066e-02 8.521561e-03 8.825195e+01
-2.981916e-04 -9.507372e-03 9.999548e-01 3.340369e+01 1.842057e-02 -9.997852e-01 -9.500267e-03 -5.488732e-01 9.998302e-01 1.841690e-02 4.732587e-04 8.826102e+01
9.127604e-03 -9.125623e-03 9.999166e-01 3.418468e+01 1.909734e-02 -9.997744e-01 -9.298653e-03 -5.646031e-01 9.997760e-01 1.918063e-02 -8.951269e-03 8.826204e+01
3.041258e-02 -6.997965e-03 9.995130e-01 3.503009e+01 1.587342e-02 -9.998460e-01 -7.483284e-03 -5.862852e-01 9.994113e-01 1.609328e-02 -3.029682e-02 8.819440e+01
4.114716e-02 -6.664713e-03 9.991309e-01 3.581402e+01 1.648917e-02 -9.998370e-01 -7.348496e-03 -6.008773e-01 9.990170e-01 1.677720e-02 -4.103056e-02 8.816264e+01
5.136221e-02 -6.373844e-03 9.986598e-01 3.658314e+01 1.710479e-02 -9.998273e-01 -7.261015e-03 -6.153674e-01 9.985336e-01 1.745480e-02 -5.124432e-02 8.813143e+01
6.110665e-02 -6.136861e-03 9.981124e-01 3.736996e+01 1.769577e-02 -9.998173e-01 -7.230718e-03 -6.301740e-01 9.979743e-01 1.810421e-02 -6.098689e-02 8.808444e+01
7.349184e-02 -9.073710e-03 9.972546e-01 3.814835e+01 1.592085e-02 -9.998205e-01 -1.027033e-02 -6.613349e-01 9.971687e-01 1.663193e-02 -7.333419e-02 8.803033e+01
8.399729e-02 -8.896488e-03 9.964262e-01 3.890299e+01 1.632074e-02 -9.998137e-01 -1.030255e-02 -6.784111e-01 9.963323e-01 1.712780e-02 -8.383644e-02 8.796714e+01
9.450926e-02 -8.720353e-03 9.954858e-01 3.965697e+01 1.672250e-02 -9.998066e-01 -1.034580e-02 -6.955453e-01 9.953835e-01 1.762478e-02 -9.434516e-02 8.790172e+01
1.058126e-01 -8.510811e-03 9.943497e-01 4.040649e+01 1.705468e-02 -9.998007e-01 -1.037232e-02 -7.130044e-01 9.942398e-01 1.805584e-02 -1.056464e-01 8.781503e+01
1.091450e-01 -9.488166e-03 9.939806e-01 4.112317e+01 1.373360e-02 -9.998447e-01 -1.105217e-02 -7.317657e-01 9.939310e-01 1.485722e-02 -1.089977e-01 8.775367e+01
1.167573e-01 -9.146387e-03 9.931183e-01 4.185947e+01 1.387586e-02 -9.998449e-01 -1.083967e-02 -7.498066e-01 9.930635e-01 1.504598e-02 -1.166123e-01 8.766880e+01
1.236198e-01 -8.719384e-03 9.922913e-01 4.257564e+01 1.387154e-02 -9.998485e-01 -1.051391e-02 -7.679642e-01 9.922327e-01 1.506433e-02 -1.234801e-01 8.756769e+01
1.310444e-01 -8.241209e-03 9.913422e-01 4.328681e+01 1.381248e-02 -9.998532e-01 -1.013782e-02 -7.858636e-01 9.912803e-01 1.502140e-02 -1.309113e-01 8.746879e+01
1.268731e-01 -3.821801e-03 9.919116e-01 4.395775e+01 5.202597e-03 -9.999763e-01 -4.518326e-03 -7.973683e-01 9.919053e-01 5.733771e-03 -1.268502e-01 8.742658e+01
1.313041e-01 -3.362020e-03 9.913365e-01 4.465111e+01 5.177033e-03 -9.999782e-01 -4.077034e-03 -8.110241e-01 9.913287e-01 5.667513e-03 -1.312838e-01 8.735037e+01
1.332199e-01 -2.994174e-03 9.910820e-01 4.532081e+01 5.097918e-03 -9.999802e-01 -3.706312e-03 -8.245319e-01 9.910734e-01 5.546208e-03 -1.332020e-01 8.727177e+01
1.348744e-01 -2.700421e-03 9.908590e-01 4.598966e+01 5.010873e-03 -9.999816e-01 -3.407356e-03 -8.379449e-01 9.908500e-01 5.424633e-03 -1.348584e-01 8.719239e+01
1.174314e-01 -5.691241e-03 9.930647e-01 4.653573e+01 7.822532e-04 -9.999827e-01 -5.823391e-03 -8.542566e-01 9.930807e-01 1.460677e-03 -1.174249e-01 8.710478e+01
1.154229e-01 -5.499268e-03 9.933012e-01 4.718029e+01 7.222263e-04 -9.999839e-01 -5.620190e-03 -8.688619e-01 9.933162e-01 1.366087e-03 -1.154170e-01 8.704194e+01
1.077434e-01 -5.332670e-03 9.941644e-01 4.778562e+01 7.580260e-04 -9.999849e-01 -5.446043e-03 -8.831227e-01 9.941784e-01 1.340377e-03 -1.077377e-01 8.698919e+01
9.887733e-02 -5.134393e-03 9.950864e-01 4.836015e+01 7.596558e-04 -9.999860e-01 -5.235158e-03 -8.975680e-01 9.950993e-01 1.273562e-03 -9.887204e-02 8.695324e+01
6.872238e-02 -7.427989e-03 9.976081e-01 4.881079e+01 2.249100e-03 -9.999686e-01 -7.600498e-03 -9.055262e-01 9.976333e-01 2.766045e-03 -6.870352e-02 8.693921e+01
5.127002e-02 -7.462397e-03 9.986570e-01 4.935048e+01 2.431818e-03 -9.999682e-01 -7.597043e-03 -9.208598e-01 9.986818e-01 2.818052e-03 -5.125023e-02 8.693312e+01
3.325235e-02 -7.647640e-03 9.994177e-01 4.986907e+01 2.700791e-03 -9.999664e-01 -7.741699e-03 -9.360189e-01 9.994434e-01 2.956648e-03 -3.323057e-02 8.693863e+01
1.267078e-02 -7.930362e-03 9.998882e-01 5.039716e+01 3.076470e-03 -9.999635e-01 -7.969945e-03 -9.511381e-01 9.999149e-01 3.177112e-03 -1.264592e-02 8.695426e+01
-1.030520e-02 -8.190534e-03 9.999133e-01 5.091883e+01 3.492011e-03 -9.999606e-01 -8.154932e-03 -9.660572e-01 9.999408e-01 3.407671e-03 1.033339e-02 8.697643e+01
-6.059406e-02 -1.703844e-02 9.980170e-01 5.144393e+01 9.266113e-03 -9.998208e-01 -1.650665e-02 -9.778025e-01 9.981195e-01 8.247535e-03 6.074108e-02 8.702737e+01
-8.926016e-02 -1.698814e-02 9.958635e-01 5.196761e+01 9.987871e-03 -9.998195e-01 -1.616041e-02 -9.967060e-01 9.959583e-01 8.504076e-03 8.941372e-02 8.708584e+01
-1.208095e-01 -1.673649e-02 9.925346e-01 5.248589e+01 1.078425e-02 -9.998210e-01 -1.554672e-02 -1.015250e+00 9.926171e-01 8.825552e-03 1.209684e-01 8.715130e+01
-1.603034e-01 -1.634073e-02 9.869325e-01 5.299086e+01 1.181035e-02 -9.998232e-01 -1.463586e-02 -1.033101e+00 9.869971e-01 9.309836e-03 1.604680e-01 8.723854e+01
-2.481455e-01 -6.530538e-03 9.687008e-01 5.344332e+01 1.311708e-02 -9.999083e-01 -3.380810e-03 -1.008944e+00 9.686339e-01 1.186760e-02 2.482084e-01 8.750154e+01
-2.986124e-01 -6.182793e-03 9.543544e-01 5.391815e+01 1.376267e-02 -9.999030e-01 -2.171612e-03 -1.019719e+00 9.542752e-01 1.248600e-02 2.986685e-01 8.767998e+01
-3.511146e-01 -5.912391e-03 9.363138e-01 5.436394e+01 1.417401e-02 -9.998990e-01 -9.986949e-04 -1.030228e+00 9.362252e-01 1.292067e-02 3.511630e-01 8.786376e+01
-4.065979e-01 -5.865443e-03 9.135884e-01 5.478392e+01 1.438639e-02 -9.998965e-01 -1.681351e-05 -1.039990e+00 9.134939e-01 1.313640e-02 4.066402e-01 8.807263e+01
-4.865880e-01 -4.137513e-03 8.736218e-01 5.515541e+01 1.491516e-02 -9.998824e-01 3.571925e-03 -1.029649e+00 8.735042e-01 1.476826e-02 4.865925e-01 8.838136e+01
-5.419180e-01 -4.497473e-03 8.404193e-01 5.554674e+01 1.474542e-02 -9.998826e-01 4.157285e-03 -1.036662e+00 8.403020e-01 1.464524e-02 5.419207e-01 8.865659e+01
-5.962827e-01 -4.981122e-03 8.027590e-01 5.592974e+01 1.461818e-02 -9.998823e-01 4.653988e-03 -1.042936e+00 8.026414e-01 1.450997e-02 5.962853e-01 8.895800e+01
-6.629488e-01 -1.913471e-02 7.484201e-01 5.619290e+01 1.591599e-02 -9.998076e-01 -1.146353e-02 -1.043149e+00 7.484955e-01 4.312114e-03 6.631259e-01 8.931828e+01
-7.120249e-01 -1.951351e-02 7.018830e-01 5.650076e+01 1.665690e-02 -9.998019e-01 -1.089857e-02 -1.055654e+00 7.019566e-01 3.931141e-03 7.122089e-01 8.966360e+01
-7.582734e-01 -1.965365e-02 6.516404e-01 5.678143e+01 1.732424e-02 -9.998000e-01 -9.995104e-03 -1.067801e+00 6.517065e-01 3.710150e-03 7.584622e-01 9.002573e+01
-8.001589e-01 -1.953530e-02 5.994697e-01 5.704799e+01 1.783977e-02 -9.998024e-01 -8.769073e-03 -1.079247e+00 5.995226e-01 3.677749e-03 8.003494e-01 9.041623e+01
-8.400818e-01 -9.816980e-03 5.423710e-01 5.728566e+01 1.262316e-02 -9.999193e-01 1.453434e-03 -1.063567e+00 5.423129e-01 8.067439e-03 8.401378e-01 9.082796e+01
-8.731788e-01 -9.465126e-03 4.873080e-01 5.750201e+01 1.244125e-02 -9.999185e-01 2.871048e-03 -1.069705e+00 4.872411e-01 8.569661e-03 8.732255e-01 9.125212e+01
-9.025399e-01 -9.136632e-03 4.305094e-01 5.768673e+01 1.226572e-02 -9.999146e-01 4.493397e-03 -1.075236e+00 4.304316e-01 9.335978e-03 9.025750e-01 9.169852e+01
-9.253431e-01 -8.995784e-03 3.790239e-01 5.786329e+01 1.222864e-02 -9.999065e-01 6.122963e-03 -1.080537e+00 3.789333e-01 1.030079e-02 9.253666e-01 9.214516e+01
-9.385628e-01 -6.148210e-03 3.450536e-01 5.798486e+01 1.513032e-02 -9.996130e-01 2.334400e-02 -1.062793e+00 3.447765e-01 2.713058e-02 9.382926e-01 9.258096e+01
-9.542580e-01 -6.640033e-03 2.989103e-01 5.813540e+01 1.474963e-02 -9.995816e-01 2.488270e-02 -1.059033e+00 2.986200e-01 2.815334e-02 9.539567e-01 9.303639e+01
-9.665077e-01 -7.271021e-03 2.565344e-01 5.826003e+01 1.446884e-02 -9.995525e-01 2.618160e-02 -1.053913e+00 2.562292e-01 2.901647e-02 9.661804e-01 9.349762e+01
-9.752828e-01 -7.705596e-03 2.208255e-01 5.837336e+01 1.409093e-02 -9.995264e-01 2.735505e-02 -1.048210e+00 2.205101e-01 2.979054e-02 9.749296e-01 9.397395e+01
-9.809979e-01 -7.987637e-03 1.938539e-01 5.846942e+01 1.374277e-02 -9.995033e-01 2.836135e-02 -1.041944e+00 1.935311e-01 3.048652e-02 9.806203e-01 9.445324e+01
-9.762132e-01 -1.402664e-02 2.163584e-01 5.857057e+01 2.005218e-02 -9.994691e-01 2.567965e-02 -1.026821e+00 2.158833e-01 2.940727e-02 9.759762e-01 9.495052e+01
-9.794765e-01 -1.475247e-02 2.010176e-01 5.866578e+01 2.049512e-02 -9.994383e-01 2.651663e-02 -1.020371e+00 2.005135e-01 3.009230e-02 9.792287e-01 9.544344e+01
-9.813830e-01 -1.577650e-02 1.914116e-01 5.875342e+01 2.136348e-02 -9.994028e-01 2.715968e-02 -1.013214e+00 1.908688e-01 3.074326e-02 9.811340e-01 9.594099e+01
-9.760789e-01 -2.596011e-02 2.158612e-01 5.887566e+01 3.164167e-02 -9.992368e-01 2.290575e-02 -9.872414e-01 2.151019e-01 2.918803e-02 9.761553e-01 9.649323e+01
-9.768339e-01 -2.728609e-02 2.122518e-01 5.897650e+01 3.293799e-02 -9.991896e-01 2.313745e-02 -9.812750e-01 2.114485e-01 2.959260e-02 9.769410e-01 9.701447e+01
-9.768758e-01 -2.848948e-02 2.119012e-01 5.908350e+01 3.414612e-02 -9.991503e-01 2.308271e-02 -9.753590e-01 2.110635e-01 2.978455e-02 9.770184e-01 9.753191e+01
-9.769236e-01 -2.962792e-02 2.115241e-01 5.919040e+01 3.523220e-02 -9.991196e-01 2.277437e-02 -9.692971e-01 2.106631e-01 2.970128e-02 9.771074e-01 9.805035e+01
-9.732206e-01 -3.219688e-02 2.276069e-01 5.937474e+01 3.460858e-02 -9.993790e-01 6.611861e-03 -9.727108e-01 2.272527e-01 1.431196e-02 9.737306e-01 9.868021e+01
-9.724658e-01 -3.352215e-02 2.306219e-01 5.951241e+01 3.587761e-02 -9.993380e-01 6.026287e-03 -9.747161e-01 2.302672e-01 1.413452e-02 9.730248e-01 9.924269e+01
-9.712877e-01 -3.489251e-02 2.353353e-01 5.965145e+01 3.725348e-02 -9.992902e-01 5.592480e-03 -9.763588e-01 2.349732e-01 1.419897e-02 9.718981e-01 9.982053e+01
-9.702971e-01 -3.604807e-02 2.392154e-01 5.979887e+01 3.847298e-02 -9.992447e-01 5.473670e-03 -9.783903e-01 2.388374e-01 1.451442e-02 9.709511e-01 1.004139e+02
-9.682537e-01 -3.752080e-02 2.471374e-01 5.995502e+01 4.153481e-02 -9.990760e-01 1.104687e-02 -9.558832e-01 2.464946e-01 2.096098e-02 9.689175e-01 1.010821e+02
-9.677022e-01 -3.817709e-02 2.491886e-01 6.010840e+01 4.238838e-02 -9.990344e-01 1.155388e-02 -9.542017e-01 2.485069e-01 2.174341e-02 9.683860e-01 1.016926e+02
-9.671611e-01 -3.859691e-02 2.512164e-01 6.026240e+01 4.301500e-02 -9.990010e-01 1.211740e-02 -9.521214e-01 2.504977e-01 2.252556e-02 9.678551e-01 1.023070e+02
-9.667954e-01 -3.884677e-02 2.525817e-01 6.042983e+01 4.341873e-02 -9.989781e-01 1.255022e-02 -9.496763e-01 2.518361e-01 2.310028e-02 9.674941e-01 1.029479e+02
-9.668221e-01 -2.282687e-02 2.544285e-01 6.061264e+01 2.868051e-02 -9.994019e-01 1.932073e-02 -9.142828e-01 2.538353e-01 2.597685e-02 9.668986e-01 1.036195e+02
-9.670064e-01 -2.313151e-02 2.536995e-01 6.075395e+01 2.894343e-02 -9.993966e-01 1.919960e-02 -9.058816e-01 2.531023e-01 2.590907e-02 9.670925e-01 1.042820e+02
-9.675177e-01 -2.359005e-02 2.517003e-01 6.092411e+01 2.929805e-02 -9.993910e-01 1.895390e-02 -8.980165e-01 2.510999e-01 2.571257e-02 9.676196e-01 1.049358e+02
-9.683444e-01 -2.398146e-02 2.484631e-01 6.108844e+01 2.961773e-02 -9.993813e-01 1.897079e-02 -8.894676e-01 2.478544e-01 2.572918e-02 9.684556e-01 1.056042e+02
-9.690029e-01 -2.625642e-02 2.456501e-01 6.130445e+01 2.895607e-02 -9.995534e-01 7.383789e-03 -9.002229e-01 2.453465e-01 1.426798e-02 9.693305e-01 1.063391e+02
-9.698595e-01 -2.638949e-02 2.422314e-01 6.148228e+01 2.921328e-02 -9.995406e-01 8.072465e-03 -9.000999e-01 2.419071e-01 1.490553e-02 9.701849e-01 1.070309e+02
-9.704705e-01 -2.669315e-02 2.397382e-01 6.166305e+01 2.964546e-02 -9.995225e-01 8.716322e-03 -8.998369e-01 2.393911e-01 1.556608e-02 9.707984e-01 1.077373e+02
-9.710373e-01 -2.727426e-02 2.373660e-01 6.183279e+01 3.030544e-02 -9.994990e-01 9.129849e-03 -8.985565e-01 2.369981e-01 1.605890e-02 9.713774e-01 1.084506e+02
-9.709864e-01 -2.793096e-02 2.374980e-01 6.200652e+01 3.244401e-02 -9.993593e-01 1.511438e-02 -8.706042e-01 2.369236e-01 2.238125e-02 9.712704e-01 1.092574e+02
-9.719859e-01 -2.850241e-02 2.333048e-01 6.217545e+01 3.294678e-02 -9.993419e-01 1.517391e-02 -8.633570e-01 2.327188e-01 2.243547e-02 9.722853e-01 1.100080e+02
-9.730274e-01 -2.882572e-02 2.288815e-01 6.235240e+01 3.322128e-02 -9.993297e-01 1.537393e-02 -8.563780e-01 2.282849e-01 2.256299e-02 9.733329e-01 1.107645e+02
-9.742547e-01 -2.900452e-02 2.235764e-01 6.253745e+01 3.335951e-02 -9.993197e-01 1.572559e-02 -8.491604e-01 2.229682e-01 2.277913e-02 9.745595e-01 1.115421e+02
-9.748668e-01 -2.489645e-02 2.213927e-01 6.271849e+01 2.805966e-02 -9.995441e-01 1.115362e-02 -8.512946e-01 2.210140e-01 1.708550e-02 9.751210e-01 1.123530e+02
-9.752331e-01 -2.500311e-02 2.197619e-01 6.290306e+01 2.823325e-02 -9.995344e-01 1.156950e-02 -8.473946e-01 2.193703e-01 1.748755e-02 9.754849e-01 1.131224e+02
