-1.000000e+00 1.762146e-12 0.000000e+00 0.000000e+00 1.762146e-12 -1.000000e+00 0.000000e+00 0.000000e+00 0.000000e+00 0.000000e+00 1.000000e+00 0.000000e+00
-9.998105e-01 7.050992e-05 1.946628e-02 1.777804e-02 -7.482003e-05 -9.999999e-01 -2.206867e-04 1.108284e-04 1.946626e-02 -2.221014e-04 9.998105e-01 3.827603e-01
-9.986813e-01 9.601502e-05 5.133912e-02 3.189343e-02 -1.253542e-04 -9.999999e-01 -5.682584e-04 -5.233115e-04 5.133906e-02 -5.739446e-04 9.986811e-01 1.110317e+00
-9.960096e-01 -1.024104e-05 8.924568e-02 8.981693e-02 -8.094731e-05 -9.999995e-01 -1.018148e-03 -1.730295e-03 8.924565e-02 -1.021310e-03 9.960091e-01 1.999157e+00
-9.912575e-01 -1.960576e-05 1.319411e-01 1.624318e-01 -1.717638e-04 -9.999989e-01 -1.439035e-03 -4.285757e-03 1.319410e-01 -1.449117e-03 9.912565e-01 2.976176e+00
-9.843709e-01 2.859169e-06 1.761073e-01 3.322655e-01 -3.428108e-04 -9.999982e-01 -1.899943e-03 -7.819016e-03 1.761070e-01 -1.930620e-03 9.843692e-01 3.902235e+00
-9.752420e-01 1.609777e-04 2.211406e-01 5.243757e-01 -7.195062e-04 -9.999967e-01 -2.445121e-03 -1.245242e-02 2.211395e-01 -2.543696e-03 9.752389e-01 4.870350e+00
-9.495155e-01 4.657106e-03 3.136854e-01 1.125381e+00 -8.237394e-03 -9.999152e-01 -1.008916e-02 -1.088231e-01 3.136118e-01 -1.216376e-02 9.494733e-01 6.774792e+00
-9.343815e-01 5.049683e-03 3.562382e-01 1.429973e+00 -9.371013e-03 -9.999020e-01 -1.040572e-02 -1.236420e-01 3.561507e-01 -1.306122e-02 9.343372e-01 7.637589e+00
-9.166657e-01 5.440033e-03 3.996176e-01 1.797353e+00 -1.054708e-02 -9.998884e-01 -1.058193e-02 -1.399659e-01 3.995155e-01 -1.391489e-02 9.166208e-01 8.552975e+00
-8.951753e-01 1.072847e-02 4.455849e-01 2.276862e+00 -1.846878e-02 -9.997445e-01 -1.303245e-02 -1.985715e-01 4.453312e-01 -1.989574e-02 8.951448e-01 9.562103e+00
-8.726709e-01 1.102167e-02 4.881844e-01 2.731271e+00 -1.970581e-02 -9.997257e-01 -1.265515e-02 -2.180617e-01 4.879110e-01 -2.066385e-02 8.726487e-01 1.042786e+01
-8.489782e-01 1.129260e-02 5.283073e-01 3.246509e+00 -2.089429e-02 -9.997072e-01 -1.220787e-02 -2.367719e-01 5.280147e-01 -2.140282e-02 8.489655e-01 1.123791e+01
-8.236950e-01 1.163213e-02 5.669138e-01 3.785774e+00 -2.216770e-02 -9.996858e-01 -1.169658e-02 -2.564415e-01 5.665995e-01 -2.220159e-02 8.236941e-01 1.205459e+01
-7.959777e-01 1.180915e-02 6.052107e-01 4.399673e+00 -2.101064e-02 -9.997463e-01 -8.125838e-03 -2.859539e-01 6.049612e-01 -1.918385e-02 7.960238e-01 1.286014e+01
-7.680629e-01 1.218124e-02 6.402586e-01 5.000130e+00 -2.222936e-02 -9.997237e-01 -7.646398e-03 -3.015050e-01 6.399885e-01 -2.010545e-02 7.681214e-01 1.357988e+01
-7.362547e-01 1.246054e-02 6.765898e-01 5.646096e+00 -2.337382e-02 -9.997021e-01 -7.023847e-03 -3.172552e-01 6.763008e-01 -2.098583e-02 7.363266e-01 1.430352e+01
-7.026814e-01 1.263703e-02 7.113924e-01 6.326938e+00 -2.448856e-02 -9.996794e-01 -6.430597e-03 -3.322860e-01 7.110831e-01 -2.193964e-02 7.027656e-01 1.499508e+01
-6.657417e-01 1.587275e-02 7.460133e-01 6.992605e+00 -2.891070e-02 -9.995718e-01 -4.532231e-03 -3.687971e-01 7.456219e-01 -2.458507e-02 6.659155e-01 1.567097e+01
-6.270763e-01 1.596269e-02 7.787943e-01 7.752570e+00 -3.000822e-02 -9.995429e-01 -3.674977e-03 -3.815969e-01 7.783796e-01 -2.567472e-02 6.272686e-01 1.629352e+01
-5.890918e-01 1.596821e-02 8.079083e-01 8.529954e+00 -3.112733e-02 -9.995111e-01 -2.941488e-03 -3.937963e-01 8.074663e-01 -2.688083e-02 5.893009e-01 1.686533e+01
-5.502982e-01 1.586502e-02 8.348175e-01 9.317597e+00 -3.230660e-02 -9.994754e-01 -2.301781e-03 -4.061352e-01 8.343430e-01 -2.823678e-02 5.505220e-01 1.741314e+01
-5.116946e-01 1.567210e-02 8.590245e-01 1.016932e+01 -3.347525e-02 -9.994381e-01 -1.706359e-03 -4.175610e-01 8.585150e-01 -2.962920e-02 5.119317e-01 1.794296e+01
-4.814985e-01 1.393653e-02 8.763362e-01 1.095953e+01 -3.843210e-02 -9.992476e-01 -5.225114e-03 -4.539952e-01 8.756039e-01 -3.619532e-02 4.816718e-01 1.837273e+01
-4.452210e-01 1.381283e-02 8.953142e-01 1.182066e+01 -3.997769e-02 -9.991906e-01 -4.464642e-03 -4.682897e-01 8.945279e-01 -3.778035e-02 4.454128e-01 1.881833e+01
-4.093175e-01 1.353289e-02 9.122916e-01 1.269888e+01 -4.141735e-02 -9.991348e-01 -3.761587e-03 -4.810891e-01 9.114515e-01 -3.932438e-02 4.095239e-01 1.920653e+01
-3.754324e-01 1.525137e-02 9.267243e-01 1.357906e+01 -5.086339e-02 -9.986969e-01 -4.169815e-03 -4.998449e-01 9.254531e-01 -4.870182e-02 3.757189e-01 1.958396e+01
-3.408543e-01 1.502559e-02 9.399960e-01 1.447627e+01 -5.225802e-02 -9.986292e-01 -2.986588e-03 -5.138014e-01 9.386626e-01 -5.014032e-02 3.411723e-01 1.994891e+01
-3.071239e-01 1.477862e-02 9.515548e-01 1.535832e+01 -5.355876e-02 -9.985632e-01 -1.777920e-03 -5.260482e-01 9.501612e-01 -5.151014e-02 3.074741e-01 2.025892e+01
-2.724031e-01 1.437338e-02 9.620758e-01 1.628349e+01 -5.459410e-02 -9.985085e-01 -5.401468e-04 -5.364111e-01 9.606332e-01 -5.267080e-02 2.727815e-01 2.053128e+01
-2.410918e-01 1.386779e-02 9.704033e-01 1.728297e+01 -5.552184e-02 -9.984574e-01 4.745786e-04 -5.455201e-01 9.689128e-01 -5.376416e-02 2.414898e-01 2.079480e+01
-2.145375e-01 1.551975e-02 9.765924e-01 1.833974e+01 -5.441383e-02 -9.985108e-01 3.914458e-03 -5.309428e-01 9.751988e-01 -5.230033e-02 2.150625e-01 2.103400e+01
-1.842549e-01 1.507608e-02 9.827629e-01 1.935609e+01 -5.526474e-02 -9.984594e-01 4.955475e-03 -5.347259e-01 9.813235e-01 -5.339906e-02 1.848042e-01 2.122692e+01
-1.513083e-01 1.466083e-02 9.883780e-01 2.038794e+01 -5.597558e-02 -9.984127e-01 6.240518e-03 -5.387897e-01 9.869004e-01 -5.438077e-02 1.518887e-01 2.141975e+01
-1.215058e-01 1.426342e-02 9.924882e-01 2.141525e+01 -5.663022e-02 -9.983677e-01 7.414940e-03 -5.415156e-01 9.909739e-01 -5.530386e-02 1.221152e-01 2.157817e+01
-9.730115e-02 1.256821e-02 9.951757e-01 2.247898e+01 -5.360524e-02 -9.985350e-01 7.369505e-03 -5.365041e-01 9.938103e-01 -5.262956e-02 9.783231e-02 2.174433e+01
-7.027989e-02 1.218290e-02 9.974529e-01 2.359014e+01 -5.447837e-02 -9.984800e-01 8.356935e-03 -5.364136e-01 9.960386e-01 -5.375228e-02 7.083677e-02 2.183864e+01
-4.505113e-02 1.179153e-02 9.989151e-01 2.467963e+01 -5.553254e-02 -9.984138e-01 9.281089e-03 -5.353759e-01 9.974400e-01 -5.505417e-02 4.563449e-02 2.190382e+01
-2.695849e-02 1.420202e-02 9.995357e-01 2.574319e+01 -5.866230e-02 -9.981983e-01 1.260083e-02 -5.034145e-01 9.979138e-01 -5.829536e-02 2.774305e-02 2.193082e+01
-6.369560e-03 1.389277e-02 9.998832e-01 2.679901e+01 -6.001184e-02 -9.981065e-01 1.348579e-02 -4.998322e-01 9.981773e-01 -5.991893e-02 7.191231e-03 2.197970e+01
1.276761e-02 1.357475e-02 9.998263e-01 2.781779e+01 -6.142608e-02 -9.980087e-01 1.433447e-02 -4.978117e-01 9.980299e-01 -6.159842e-02 -1.190834e-02 2.204049e+01
2.954120e-02 1.329858e-02 9.994751e-01 2.891300e+01 -6.289543e-02 -9.979053e-01 1.513668e-02 -4.911404e-01 9.975828e-01 -6.330958e-02 -2.864290e-02 2.203634e+01
4.352961e-02 1.308963e-02 9.989664e-01 3.001702e+01 -6.431551e-02 -9.978033e-01 1.587692e-02 -4.862554e-01 9.969798e-01 -6.494015e-02 -4.259213e-02 2.205696e+01
4.334262e-02 1.610985e-02 9.989303e-01 3.139237e+01 -7.723116e-02 -9.968240e-01 1.942687e-02 -4.373129e-01 9.960706e-01 -7.799057e-02 -4.196078e-02 2.191413e+01
5.516155e-02 1.578235e-02 9.983526e-01 3.254639e+01 -7.845796e-02 -9.967149e-01 2.009146e-02 -4.235825e-01 9.953901e-01 -7.943700e-02 -5.374208e-02 2.186766e+01
6.635167e-02 1.529175e-02 9.976791e-01 3.372589e+01 -7.963778e-02 -9.966115e-01 2.057178e-02 -4.052256e-01 9.946131e-01 -8.081793e-02 -6.490903e-02 2.176823e+01
7.424182e-02 1.497666e-02 9.971278e-01 3.498740e+01 -7.771092e-02 -9.967598e-01 2.075715e-02 -3.719139e-01 9.942077e-01 -7.902876e-02 -7.283742e-02 2.165547e+01
8.081133e-02 1.434950e-02 9.966261e-01 3.617900e+01 -7.886691e-02 -9.966693e-01 2.074504e-02 -3.564555e-01 9.936043e-01 -8.027726e-02 -7.941046e-02 2.159076e+01
8.676463e-02 1.372577e-02 9.961343e-01 3.740887e+01 -7.999116e-02 -9.965807e-01 2.069926e-02 -3.384989e-01 9.930123e-01 -8.147791e-02 -8.537000e-02 2.149803e+01
9.314948e-02 1.307506e-02 9.955662e-01 3.862375e+01 -8.107226e-02 -9.964938e-01 2.067271e-02 -3.224252e-01 9.923459e-01 -8.263846e-02 -9.176286e-02 2.142088e+01
9.702948e-02 7.335929e-03 9.952545e-01 3.998297e+01 -7.819936e-02 -9.968253e-01 1.497133e-02 -3.029337e-01 9.922047e-01 -7.928094e-02 -9.614778e-02 2.130537e+01
1.008479e-01 6.640450e-03 9.948797e-01 4.129774e+01 -7.919610e-02 -9.967510e-01 1.468081e-02 -2.893609e-01 9.917448e-01 -8.027111e-02 -9.999438e-02 2.117428e+01
1.063716e-01 6.041700e-03 9.943081e-01 4.260480e+01 -8.011118e-02 -9.966786e-01 1.462644e-02 -2.779292e-01 9.910940e-01 -8.121103e-02 -1.055343e-01 2.106219e+01
1.110724e-01 5.595471e-03 9.937965e-01 4.391498e+01 -8.101465e-02 -9.966050e-01 1.466595e-02 -2.660506e-01 9.905047e-01 -8.214106e-02 -1.102420e-01 2.094132e+01
1.155036e-01 5.222035e-03 9.932933e-01 4.526787e+01 -8.189050e-02 -9.965320e-01 1.476158e-02 -2.503503e-01 9.899257e-01 -8.304630e-02 -1.146754e-01 2.077416e+01
1.175894e-01 5.223228e-03 9.930485e-01 4.671992e+01 -7.871180e-02 -9.967911e-01 1.456338e-02 -2.108314e-01 9.899380e-01 -7.987714e-02 -1.168009e-01 2.052760e+01
1.181631e-01 4.901634e-03 9.929821e-01 4.808090e+01 -7.964014e-02 -9.967197e-01 1.439712e-02 -1.975462e-01 9.897954e-01 -8.078244e-02 -1.173852e-01 2.038619e+01
1.200968e-01 4.572933e-03 9.927517e-01 4.952238e+01 -8.055897e-02 -9.966468e-01 1.433639e-02 -1.817709e-01 9.894882e-01 -8.169680e-02 -1.193257e-01 2.021435e+01
1.212574e-01 4.253622e-03 9.926119e-01 5.099072e+01 -8.141318e-02 -9.965791e-01 1.421605e-02 -1.677866e-01 9.892767e-01 -8.253549e-02 -1.204963e-01 2.006592e+01
1.137654e-01 7.818240e-03 9.934769e-01 5.269093e+01 -8.171725e-02 -9.965072e-01 1.719972e-02 -9.321270e-02 9.901413e-01 -8.314093e-02 -1.127291e-01 1.992966e+01
1.120193e-01 7.530273e-03 9.936775e-01 5.416879e+01 -8.243361e-02 -9.964542e-01 1.684423e-02 -7.317581e-02 9.902809e-01 -8.379931e-02 -1.110014e-01 1.976682e+01
1.090953e-01 7.324076e-03 9.940043e-01 5.563776e+01 -8.313663e-02 -9.964021e-01 1.646627e-02 -5.362097e-02 9.905486e-01 -8.443456e-02 -1.080939e-01 1.960835e+01
1.039393e-01 6.558923e-03 9.945620e-01 5.714484e+01 -8.134117e-02 -9.965723e-01 1.507295e-02 -3.174851e-02 9.912518e-01 -8.246551e-02 -1.030495e-01 1.947456e+01
1.031672e-01 6.341955e-03 9.946437e-01 5.865853e+01 -8.195169e-02 -9.965256e-01 1.485420e-02 -1.411943e-02 9.912822e-01 -8.304520e-02 -1.022890e-01 1.932706e+01
1.050803e-01 6.131476e-03 9.944448e-01 6.017210e+01 -8.250381e-02 -9.964799e-01 1.486198e-02 1.165201e-03 9.910355e-01 -8.360718e-02 -1.042045e-01 1.920465e+01
1.064924e-01 5.952603e-03 9.942957e-01 6.172631e+01 -8.296894e-02 -9.964415e-01 1.485170e-02 2.141979e-02 9.908459e-01 -8.407725e-02 -1.056195e-01 1.902496e+01
1.074404e-01 5.885329e-03 9.941941e-01 6.334760e+01 -8.350494e-02 -9.963956e-01 1.492256e-02 4.197080e-02 9.906985e-01 -8.462340e-02 -1.065617e-01 1.884686e+01
1.078477e-01 6.088230e-03 9.941488e-01 6.524061e+01 -8.274302e-02 -9.964568e-01 1.507853e-02 9.201979e-02 9.907181e-01 -8.388506e-02 -1.069618e-01 1.860357e+01
1.097352e-01 6.146157e-03 9.939418e-01 6.693821e+01 -8.330801e-02 -9.964055e-01 1.535894e-02 1.125800e-01 9.904635e-01 -8.448873e-02 -1.088288e-01 1.842850e+01
1.101135e-01 6.157500e-03 9.938999e-01 6.860662e+01 -8.390733e-02 -9.963534e-01 1.546874e-02 1.328366e-01 9.903709e-01 -8.509880e-02 -1.091953e-01 1.825205e+01
1.023869e-01 9.138283e-03 9.947026e-01 7.030368e+01 -8.768285e-02 -9.959826e-01 1.817543e-02 1.805530e-01 9.908727e-01 -8.907928e-02 -1.011743e-01 1.816495e+01
1.002671e-01 9.227847e-03 9.949178e-01 7.204826e+01 -8.822338e-02 -9.959357e-01 1.812838e-02 2.079436e-01 9.910414e-01 -8.959269e-02 -9.904546e-02 1.797892e+01
9.868519e-02 9.386830e-03 9.950745e-01 7.381060e+01 -8.869009e-02 -9.958932e-01 1.819028e-02 2.342929e-01 9.911585e-01 -9.004837e-02 -9.744739e-02 1.780965e+01
9.819367e-02 9.551737e-03 9.951215e-01 7.561438e+01 -8.916344e-02 -9.958479e-01 1.835692e-02 2.578453e-01 9.911649e-01 -9.053099e-02 -9.693429e-02 1.767850e+01
9.879954e-02 9.586080e-03 9.950612e-01 7.733092e+01 -8.983392e-02 -9.957848e-01 1.851265e-02 2.861670e-01 9.910442e-01 -9.121928e-02 -9.752192e-02 1.748316e+01
9.889709e-02 9.728149e-03 9.950501e-01 7.913541e+01 -9.038106e-02 -9.957314e-01 1.871770e-02 3.147667e-01 9.909847e-01 -9.178481e-02 -9.759569e-02 1.730453e+01
1.001213e-01 9.827368e-03 9.949267e-01 8.090813e+01 -9.088729e-02 -9.956803e-01 1.898096e-02 3.407241e-01 9.908155e-01 -9.232659e-02 -9.879558e-02 1.715605e+01
9.951133e-02 9.913097e-03 9.949870e-01 8.272186e+01 -9.134898e-02 -9.956366e-01 1.905563e-02 3.678020e-01 9.908344e-01 -9.278730e-02 -9.817156e-02 1.700209e+01
1.004359e-01 8.804588e-03 9.949046e-01 8.434774e+01 -9.143351e-02 -9.956477e-01 1.804140e-02 3.957569e-01 9.907333e-01 -9.277963e-02 -9.919374e-02 1.680169e+01
1.015503e-01 8.922087e-03 9.947904e-01 8.615995e+01 -9.176102e-02 -9.956129e-01 1.829663e-02 4.226221e-01 9.905894e-01 -9.314100e-02 -1.002861e-01 1.663065e+01
1.023225e-01 9.092285e-03 9.947097e-01 8.798870e+01 -9.206934e-02 -9.955794e-01 1.857110e-02 4.491732e-01 9.904813e-01 -9.348252e-02 -1.010331e-01 1.646578e+01
1.026237e-01 9.309764e-03 9.946766e-01 8.986324e+01 -9.226212e-02 -9.955566e-01 1.883695e-02 4.793013e-01 9.904322e-01 -9.370410e-02 -1.013088e-01 1.627253e+01
1.069978e-01 9.604037e-03 9.942129e-01 9.168183e+01 -8.881771e-02 -9.958633e-01 1.917860e-02 4.963728e-01 9.902842e-01 -9.035578e-02 -1.057022e-01 1.608177e+01
1.078104e-01 9.744589e-03 9.941238e-01 9.355235e+01 -8.887088e-02 -9.958543e-01 1.939939e-02 5.277972e-01 9.901913e-01 -9.044011e-02 -1.064974e-01 1.587843e+01
1.093905e-01 9.869458e-03 9.939498e-01 9.538873e+01 -8.888584e-02 -9.958475e-01 1.967076e-02 5.582928e-01 9.900166e-01 -9.049986e-02 -1.080590e-01 1.568478e+01
1.134929e-01 1.002035e-02 9.934883e-01 9.726185e+01 -8.874832e-02 -9.958495e-01 2.018249e-02 5.880516e-01 9.895671e-01 -9.046099e-02 -1.121325e-01 1.550737e+01
1.191094e-01 1.020137e-02 9.928287e-01 9.915539e+01 -8.852085e-02 -9.958560e-01 2.085230e-02 6.195617e-01 9.889272e-01 -9.036975e-02 -1.177128e-01 1.531699e+01
1.297040e-01 8.613909e-03 9.915153e-01 1.011587e+02 -8.367652e-02 -9.963002e-01 1.960153e-02 6.495801e-01 9.880157e-01 -8.550895e-02 -1.285033e-01 1.506476e+01
1.338959e-01 8.701923e-03 9.909572e-01 1.030785e+02 -8.341424e-02 -9.963139e-01 2.001970e-02 6.813220e-01 9.874786e-01 -8.534050e-02 -1.326765e-01 1.482379e+01
1.380713e-01 8.739947e-03 9.903837e-01 1.049512e+02 -8.314878e-02 -9.963287e-01 2.038435e-02 7.131833e-01 9.869258e-01 -8.516370e-02 -1.368377e-01 1.457441e+01
1.415916e-01 8.791696e-03 9.898861e-01 1.069018e+02 -8.285117e-02 -9.963469e-01 2.069997e-02 7.484659e-01 9.864519e-01 -8.494417e-02 -1.403460e-01 1.429045e+01
1.451775e-01 8.097502e-03 9.893726e-01 1.089442e+02 -7.932726e-02 -9.966520e-01 1.979732e-02 7.720145e-01 9.862204e-01 -8.135835e-02 -1.440491e-01 1.396917e+01
1.514661e-01 8.200338e-03 9.884285e-01 1.108973e+02 -7.882150e-02 -9.966811e-01 2.034736e-02 8.014719e-01 9.853148e-01 -8.099136e-02 -1.503171e-01 1.372716e+01
1.575348e-01 8.340895e-03 9.874783e-01 1.128751e+02 -7.831986e-02 -9.967089e-01 2.091342e-02 8.348315e-01 9.844027e-01 -8.063374e-02 -1.563631e-01 1.343952e+01
1.626542e-01 8.518774e-03 9.866463e-01 1.148528e+02 -7.786736e-02 -9.967331e-01 2.144274e-02 8.725446e-01 9.836057e-01 -8.031529e-02 -1.614595e-01 1.309750e+01
1.713780e-01 7.578611e-03 9.851762e-01 1.169262e+02 -7.353771e-02 -9.970825e-01 2.046258e-02 8.867561e-01 9.824570e-01 -7.595444e-02 -1.703207e-01 1.269246e+01
1.781408e-01 7.708979e-03 9.839748e-01 1.189143e+02 -7.311243e-02 -9.971016e-01 2.104824e-02 9.202624e-01 9.812851e-01 -7.569034e-02 -1.770609e-01 1.235387e+01
1.846246e-01 7.861259e-03 9.827776e-01 1.208861e+02 -7.274690e-02 -9.971156e-01 2.164218e-02 9.537397e-01 9.801131e-01 -7.548971e-02 -1.835202e-01 1.201197e+01
1.885042e-01 6.901047e-03 9.820482e-01 1.229454e+02 -7.315399e-02 -9.970986e-01 2.104872e-02 9.726567e-01 9.793440e-01 -7.580850e-02 -1.874524e-01 1.172302e+01
1.931274e-01 7.024444e-03 9.811485e-01 1.249527e+02 -7.275095e-02 -9.971192e-01 2.145894e-02 1.005818e+00 9.784728e-01 -7.552380e-02 -1.920600e-01 1.136802e+01
1.987444e-01 7.125834e-03 9.800254e-01 1.269741e+02 -7.226734e-02 -9.971447e-01 2.190578e-02 1.040584e+00 9.773833e-01 -7.517748e-02 -1.976620e-01 1.099699e+01
2.035261e-01 7.299657e-03 9.790423e-01 1.289591e+02 -7.189315e-02 -9.971612e-01 2.238010e-02 1.077822e+00 9.764264e-01 -7.494137e-02 -2.024235e-01 1.058511e+01
2.060925e-01 7.495146e-03 9.785039e-01 1.310023e+02 -7.166338e-02 -9.971698e-01 2.273187e-02 1.116946e+00 9.759048e-01 -7.480776e-02 -2.049721e-01 1.015643e+01
2.104547e-01 6.940929e-03 9.775789e-01 1.330954e+02 -7.097195e-02 -9.972277e-01 2.235939e-02 1.148695e+00 9.750240e-01 -7.408632e-02 -2.093786e-01 9.668046e+00
2.150027e-01 7.109711e-03 9.765875e-01 1.351437e+02 -7.079849e-02 -9.972289e-01 2.284678e-02 1.187253e+00 9.740438e-01 -7.405305e-02 -2.139036e-01 9.229732e+00
2.214571e-01 7.285977e-03 9.751429e-01 1.371878e+02 -7.054479e-02 -9.972324e-01 2.347190e-02 1.225304e+00 9.726151e-01 -7.398926e-02 -2.203302e-01 8.802679e+00
2.278449e-01 7.462907e-03 9.736689e-01 1.392010e+02 -7.022672e-02 -9.972404e-01 2.407709e-02 1.263233e+00 9.711616e-01 -7.386340e-02 -2.266921e-01 8.374564e+00
2.299494e-01 7.470446e-03 9.731739e-01 1.413375e+02 -7.591720e-02 -9.967857e-01 2.559003e-02 1.312991e+00 9.702370e-01 -7.976505e-02 -2.286431e-01 7.933642e+00
2.424006e-01 7.650388e-03 9.701461e-01 1.433628e+02 -7.527437e-02 -9.968062e-01 2.666868e-02 1.359085e+00 9.672517e-01 -7.949164e-02 -2.410506e-01 7.444455e+00
2.552055e-01 7.850525e-03 9.668550e-01 1.453806e+02 -7.460683e-02 -9.968259e-01 2.778667e-02 1.407128e+00 9.640042e-01 -7.922529e-02 -2.538097e-01 6.928229e+00
2.521851e-01 7.700748e-03 9.676483e-01 1.476244e+02 -7.127112e-02 -9.971046e-01 2.650960e-02 1.447892e+00 9.650508e-01 -7.565071e-02 -2.509061e-01 6.399767e+00
2.574681e-01 7.884314e-03 9.662547e-01 1.496955e+02 -7.079449e-02 -9.971254e-01 2.700010e-02 1.496688e+00 9.636899e-01 -7.535718e-02 -2.561698e-01 5.854770e+00
2.618357e-01 8.115429e-03 9.650784e-01 1.517774e+02 -7.036844e-02 -9.971426e-01 2.747674e-02 1.546434e+00 9.625437e-01 -7.510545e-02 -2.605164e-01 5.298048e+00
2.669667e-01 8.368640e-03 9.636694e-01 1.538346e+02 -6.999502e-02 -9.971529e-01 2.805023e-02 1.597568e+00 9.611605e-01 -7.494054e-02 -2.656208e-01 4.717409e+00
2.581244e-01 7.864613e-03 9.660797e-01 1.560939e+02 -7.055306e-02 -9.971434e-01 2.696839e-02 1.615851e+00 9.635320e-01 -7.512108e-02 -2.568322e-01 4.267654e+00
2.617836e-01 8.080123e-03 9.650928e-01 1.581828e+02 -7.029604e-02 -9.971493e-01 2.741647e-02 1.663492e+00 9.625632e-01 -7.501938e-02 -2.604693e-01 3.724226e+00
2.659398e-01 8.237008e-03 9.639545e-01 1.603043e+02 -7.010432e-02 -9.971505e-01 2.786134e-02 1.711490e+00 9.614372e-01 -7.498681e-02 -2.646045e-01 3.175526e+00
2.700761e-01 8.363456e-03 9.628026e-01 1.624723e+02 -6.994653e-02 -9.971497e-01 2.828254e-02 1.763578e+00 9.602950e-01 -7.498315e-02 -2.687213e-01 2.579358e+00
2.691953e-01 5.178213e-03 9.630717e-01 1.647845e+02 -7.183685e-02 -9.970919e-01 2.544078e-02 1.779009e+00 9.604027e-01 -7.603258e-02 -2.680405e-01 2.017607e+00
2.726962e-01 5.297442e-03 9.620856e-01 1.669558e+02 -7.172913e-02 -9.970899e-01 2.582129e-02 1.826117e+00 9.594226e-01 -7.605093e-02 -2.715227e-01 1.407694e+00
2.759603e-01 5.414237e-03 9.611538e-01 1.691080e+02 -7.165708e-02 -9.970855e-01 2.619036e-02 1.871329e+00 9.584942e-01 -7.610097e-02 -2.747680e-01 8.236613e-01
2.789328e-01 5.556810e-03 9.602945e-01 1.712838e+02 -7.164178e-02 -9.970763e-01 2.657914e-02 1.917196e+00 9.576345e-01 -7.621101e-02 -2.777191e-01 2.345172e-01
2.851083e-01 4.099249e-03 9.584865e-01 1.734416e+02 -7.236338e-02 -9.970449e-01 2.578913e-02 1.953804e+00 9.557598e-01 -7.671202e-02 -2.839692e-01 -4.090101e-01
2.898345e-01 4.239967e-03 9.570674e-01 1.755523e+02 -7.243685e-02 -9.970248e-01 2.635347e-02 1.999656e+00 9.543316e-01 -7.696509e-02 -2.886650e-01 -1.029944e+00
2.930051e-01 4.425868e-03 9.561006e-01 1.776878e+02 -7.250684e-02 -9.970068e-01 2.683556e-02 2.048044e+00 9.533576e-01 -7.718679e-02 -2.918072e-01 -1.677574e+00
2.963237e-01 4.612402e-03 9.550765e-01 1.798427e+02 -7.253902e-02 -9.969913e-01 2.732091e-02 2.099396e+00 9.523289e-01 -7.737615e-02 -2.950975e-01 -2.357515e+00
2.971986e-01 4.725436e-03 9.548039e-01 1.820054e+02 -7.260703e-02 -9.969805e-01 2.753432e-02 2.148351e+00 9.520510e-01 -7.750865e-02 -2.959582e-01 -3.000981e+00
2.948601e-01 4.989831e-03 9.555274e-01 1.843526e+02 -7.553570e-02 -9.967353e-01 2.851410e-02 2.204589e+00 9.525502e-01 -8.058409e-02 -2.935205e-01 -3.666344e+00
2.984008e-01 4.996075e-03 9.544276e-01 1.865564e+02 -7.544277e-02 -9.967340e-01 2.880464e-02 2.259575e+00 9.514543e-01 -8.059999e-02 -2.970493e-01 -4.342778e+00
3.001545e-01 4.977943e-03 9.538776e-01 1.887743e+02 -7.533942e-02 -9.967389e-01 2.890850e-02 2.315620e+00 9.509107e-01 -8.054160e-02 -2.988006e-01 -5.031640e+00
3.039846e-01 4.963841e-03 9.526640e-01 1.910084e+02 -7.522319e-02 -9.967392e-01 2.919638e-02 2.373456e+00 9.497025e-01 -8.053767e-02 -3.026199e-01 -5.743753e+00
3.116101e-01 7.681823e-04 9.502097e-01 1.933550e+02 -7.161172e-02 -9.971368e-01 2.429034e-02 2.384688e+00 9.475077e-01 -7.561527e-02 -3.106629e-01 -6.539858e+00
3.163970e-01 8.792990e-04 9.486264e-01 1.955696e+02 -7.144371e-02 -9.971375e-01 2.475301e-02 2.431643e+00 9.459327e-01 -7.560517e-02 -3.154285e-01 -7.281546e+00
3.197871e-01 1.014268e-03 9.474888e-01 1.978106e+02 -7.130834e-02 -9.971376e-01 2.513470e-02 2.479486e+00 9.448023e-01 -7.560160e-02 -3.187994e-01 -8.030680e+00
3.234978e-01 2.116355e-03 9.462265e-01 2.000533e+02 -6.973033e-02 -9.972252e-01 2.606996e-02 2.514893e+00 9.436561e-01 -7.441426e-02 -3.224525e-01 -8.694098e+00
3.257394e-01 2.230540e-03 9.454570e-01 2.022431e+02 -6.952940e-02 -9.972329e-01 2.630773e-02 2.564410e+00 9.428996e-01 -7.430652e-02 -3.246830e-01 -9.441268e+00
3.285906e-01 2.346010e-03 9.444695e-01 2.044259e+02 -6.931042e-02 -9.972407e-01 2.659089e-02 2.614500e+00 9.419259e-01 -7.419910e-02 -3.275213e-01 -1.019621e+01
3.309449e-01 2.450189e-03 9.436469e-01 2.066258e+02 -6.914769e-02 -9.972453e-01 2.684003e-02 2.663548e+00 9.411132e-01 -7.413357e-02 -3.298638e-01 -1.093891e+01
3.353638e-01 2.591883e-03 9.420851e-01 2.087908e+02 -6.898252e-02 -9.972442e-01 2.730006e-02 2.712699e+00 9.395598e-01 -7.414286e-02 -3.342609e-01 -1.168399e+01
3.412350e-01 2.062919e-03 9.399758e-01 2.110793e+02 -6.776232e-02 -9.973418e-01 2.678826e-02 2.748487e+00 9.375324e-01 -7.283602e-02 -3.401881e-01 -1.248716e+01
3.439911e-01 2.211965e-03 9.389703e-01 2.133177e+02 -6.778859e-02 -9.973293e-01 2.718375e-02 2.800833e+00 9.365227e-01 -7.300244e-02 -3.429225e-01 -1.329579e+01
3.463477e-01 2.341649e-03 9.381033e-01 2.155544e+02 -6.785063e-02 -9.973153e-01 2.753990e-02 2.854577e+00 9.356492e-01 -7.318927e-02 -3.452590e-01 -1.412249e+01
3.482028e-01 2.474165e-03 9.374160e-01 2.178044e+02 -6.789820e-02 -9.973034e-01 2.785298e-02 2.907991e+00 9.349570e-01 -7.334733e-02 -3.470958e-01 -1.493856e+01
3.473758e-01 2.677280e-03 9.377222e-01 2.202621e+02 -7.213849e-02 -9.969562e-01 2.956984e-02 2.964943e+00 9.349471e-01 -7.791770e-02 -3.461253e-01 -1.580121e+01
3.494186e-01 2.773454e-03 9.369627e-01 2.225205e+02 -7.213835e-02 -9.969478e-01 2.985335e-02 3.021877e+00 9.341856e-01 -7.802226e-02 -3.481520e-01 -1.661848e+01
3.514709e-01 2.880741e-03 9.361944e-01 2.247673e+02 -7.208637e-02 -9.969432e-01 3.013070e-02 3.077416e+00 9.334194e-01 -7.807691e-02 -3.501889e-01 -1.741765e+01
3.578486e-01 4.652327e-04 9.337795e-01 2.270067e+02 -6.992105e-02 -9.971791e-01 2.729238e-02 3.083851e+00 9.311581e-01 -7.505739e-02 -3.568065e-01 -1.831417e+01
3.602165e-01 6.134972e-04 9.328686e-01 2.292187e+02 -6.998217e-02 -9.971641e-01 2.767859e-02 3.133652e+00 9.302400e-01 -7.525445e-02 -3.591520e-01 -1.914947e+01
3.624215e-01 8.327996e-04 9.320139e-01 2.314347e+02 -7.006123e-02 -9.971458e-01 2.813489e-02 3.185769e+00 9.293773e-01 -7.549472e-02 -3.613287e-01 -2.001082e+01
3.662080e-01 1.083614e-03 9.305324e-01 2.336537e+02 -7.004581e-02 -9.971301e-01 2.872747e-02 3.239358e+00 9.278929e-01 -7.570012e-02 -3.650811e-01 -2.088659e+01
3.690429e-01 1.365775e-03 9.294114e-01 2.358941e+02 -6.997838e-02 -9.971195e-01 2.925170e-02 3.294499e+00 9.267741e-01 -7.583383e-02 -3.678843e-01 -2.177590e+01
3.723290e-01 1.654731e-03 9.280993e-01 2.382030e+02 -7.041088e-02 -9.970661e-01 3.002468e-02 3.331749e+00 9.254261e-01 -7.652736e-02 -3.711201e-01 -2.268551e+01
3.747169e-01 2.005395e-03 9.271371e-01 2.404265e+02 -7.030781e-02 -9.970567e-01 3.057262e-02 3.388316e+00 9.244696e-01 -7.664105e-02 -3.734730e-01 -2.357755e+01
3.793297e-01 3.500101e-03 9.252549e-01 2.426976e+02 -6.571644e-02 -9.973655e-01 3.071486e-02 3.432510e+00 9.229248e-01 -7.245553e-02 -3.781003e-01 -2.447449e+01
3.813342e-01 3.885525e-03 9.244291e-01 2.449385e+02 -6.557079e-02 -9.973588e-01 3.124052e-02 3.490293e+00 9.221089e-01 -7.252863e-02 -3.800722e-01 -2.538293e+01
3.850633e-01 4.312490e-03 9.228801e-01 2.472322e+02 -6.533153e-02 -9.973530e-01 3.191947e-02 3.547554e+00 9.205748e-01 -7.258419e-02 -3.837622e-01 -2.627389e+01
3.886758e-01 4.701941e-03 9.213626e-01 2.495155e+02 -6.509674e-02 -9.973479e-01 3.255070e-02 3.609146e+00 9.190722e-01 -7.262937e-02 -3.873389e-01 -2.721424e+01
3.911549e-01 5.026328e-03 9.203112e-01 2.517845e+02 -6.496743e-02 -9.973396e-01 3.305979e-02 3.670173e+00 9.180288e-01 -7.272175e-02 -3.897878e-01 -2.814093e+01
3.985617e-01 5.051472e-03 9.171275e-01 2.538462e+02 -6.228424e-02 -9.975272e-01 3.256156e-02 3.707138e+00 9.150241e-01 -7.010039e-02 -3.972616e-01 -2.904632e+01
4.008223e-01 5.356797e-03 9.161401e-01 2.560711e+02 -6.224136e-02 -9.975133e-01 3.306394e-02 3.768295e+00 9.140391e-01 -7.027458e-02 -3.994922e-01 -3.000942e+01
4.050810e-01 5.657641e-03 9.142634e-01 2.583069e+02 -6.211453e-02 -9.975001e-01 3.369370e-02 3.829834e+00 9.121684e-01 -7.043771e-02 -4.037169e-01 -3.097312e+01
4.083594e-01 5.937967e-03 9.128019e-01 2.604637e+02 -6.209829e-02 -9.974815e-01 3.426968e-02 3.892959e+00 9.107065e-01 -7.067778e-02 -4.069622e-01 -3.195740e+01
4.134010e-01 5.677527e-03 9.105313e-01 2.626090e+02 -6.067014e-02 -9.975865e-01 3.376592e-02 3.946674e+00 9.085255e-01 -6.920093e-02 -4.120589e-01 -3.298783e+01
4.163854e-01 5.893718e-03 9.091691e-01 2.647887e+02 -6.077005e-02 -9.975623e-01 3.429848e-02 4.007495e+00 9.071550e-01 -6.953164e-02 -4.150122e-01 -3.395072e+01
4.181525e-01 6.071870e-03 9.083565e-01 2.669762e+02 -6.100674e-02 -9.975322e-01 3.475178e-02 4.069247e+00 9.063259e-01 -6.994742e-02 -4.167501e-01 -3.491977e+01
4.211235e-01 6.205328e-03 9.069821e-01 2.691300e+02 -6.124399e-02 -9.974998e-01 3.526101e-02 4.134755e+00 9.049332e-01 -7.039645e-02 -4.196906e-01 -3.592786e+01
4.241233e-01 6.261870e-03 9.055828e-01 2.713420e+02 -6.159944e-02 -9.974606e-01 3.574685e-02 4.199935e+00 9.035069e-01 -7.094447e-02 -4.226606e-01 -3.691761e+01
4.288345e-01 2.102084e-03 9.033806e-01 2.736125e+02 -6.529589e-02 -9.973096e-01 3.331659e-02 4.252042e+00 9.010202e-01 -7.327434e-02 -4.275435e-01 -3.799628e+01
4.322567e-01 2.044240e-03 9.017483e-01 2.757422e+02 -6.575348e-02 -9.972640e-01 3.377997e-02 4.317203e+00 8.993501e-01 -7.389470e-02 -4.309396e-01 -3.906292e+01
4.354360e-01 1.984067e-03 9.002175e-01 2.779103e+02 -6.618439e-02 -9.972208e-01 3.421130e-02 4.379395e+00 8.977835e-01 -7.447717e-02 -4.340944e-01 -4.007551e+01
4.407234e-01 1.916587e-03 8.976409e-01 2.801078e+02 -6.648785e-02 -9.971811e-01 3.477330e-02 4.446520e+00 8.951772e-01 -7.500762e-02 -4.393536e-01 -4.113615e+01
4.490788e-01 -3.343776e-03 8.934859e-01 2.825178e+02 -7.088947e-02 -9.969740e-01 3.189899e-02 4.509536e+00 8.906755e-01 -7.766390e-02 -4.479569e-01 -4.232677e+01
4.518726e-01 -3.441364e-03 8.920759e-01 2.846966e+02 -7.128522e-02 -9.969341e-01 3.226297e-02 4.573587e+00 8.892298e-01 -7.817057e-02 -4.507324e-01 -4.344784e+01
4.543015e-01 -3.514902e-03 8.908410e-01 2.869330e+02 -7.158910e-02 -9.969021e-01 3.257485e-02 4.636578e+00 8.879668e-01 -7.857331e-02 -4.531457e-01 -4.454681e+01
4.538811e-01 -4.882045e-03 8.910488e-01 2.893555e+02 -6.928816e-02 -9.971505e-01 2.983052e-02 4.713249e+00 8.883643e-01 -7.527865e-02 -4.529261e-01 -4.565210e+01
4.560483e-01 -4.883098e-03 8.899416e-01 2.915470e+02 -6.970071e-02 -9.971093e-01 3.024682e-02 4.773305e+00 8.872214e-01 -7.582357e-02 -4.550703e-01 -4.678555e+01
4.573676e-01 -4.839198e-03 8.892646e-01 2.937914e+02 -7.016706e-02 -9.970639e-01 3.066259e-02 4.834487e+00 8.865052e-01 -7.642116e-02 -4.563643e-01 -4.792598e+01
4.606015e-01 -4.781354e-03 8.875942e-01 2.960424e+02 -7.055477e-02 -9.970185e-01 3.124236e-02 4.895999e+00 8.847985e-01 -7.701427e-02 -4.595656e-01 -4.905483e+01
4.625236e-01 -4.684273e-03 8.865946e-01 2.982581e+02 -7.094640e-02 -9.969749e-01 3.174425e-02 4.964419e+00 8.837638e-01 -7.758317e-02 -4.614567e-01 -5.025138e+01
4.667194e-01 -3.702866e-03 8.843977e-01 3.006190e+02 -7.139168e-02 -9.968855e-01 3.350138e-02 5.075488e+00 8.815193e-01 -7.877439e-02 -4.655302e-01 -5.145727e+01
4.707459e-01 -3.552860e-03 8.822617e-01 3.028796e+02 -7.172483e-02 -9.968361e-01 3.425577e-02 5.147229e+00 8.793486e-01 -7.940584e-02 -4.695113e-01 -5.263576e+01
4.736346e-01 -3.450007e-03 8.807147e-01 3.051147e+02 -7.206045e-02 -9.967913e-01 3.484827e-02 5.220498e+00 8.777685e-01 -7.997005e-02 -4.723635e-01 -5.381392e+01
4.769927e-01 -3.420316e-03 8.789006e-01 3.073623e+02 -7.230195e-02 -9.967557e-01 3.536040e-02 5.296862e+00 8.759283e-01 -8.041287e-02 -4.756925e-01 -5.501977e+01
4.757787e-01 -1.778872e-03 8.795631e-01 3.097720e+02 -7.169052e-02 -9.967492e-01 3.676340e-02 5.418903e+00 8.766385e-01 -8.054759e-02 -4.743596e-01 -5.620879e+01
4.809194e-01 -1.585126e-03 8.767634e-01 3.120058e+02 -7.162507e-02 -9.967270e-01 3.748554e-02 5.500801e+00 8.738343e-01 -8.082576e-02 -4.794588e-01 -5.741946e+01
4.848538e-01 -1.302726e-03 8.745942e-01 3.142878e+02 -7.152462e-02 -9.967084e-01 3.816690e-02 5.585746e+00 8.716656e-01 -8.106038e-02 -4.833510e-01 -5.865931e+01
4.910226e-01 -9.878583e-04 8.711463e-01 3.165066e+02 -7.133131e-02 -9.966869e-01 3.907577e-02 5.671174e+00 8.682215e-01 -8.132710e-02 -4.894663e-01 -5.989254e+01
4.947392e-01 -4.466843e-04 8.690414e-01 3.190351e+02 -6.490546e-02 -9.972260e-01 3.643766e-02 5.744070e+00 8.666143e-01 -7.443266e-02 -4.933957e-01 -6.130299e+01
4.995225e-01 -1.838919e-04 8.663009e-01 3.212661e+02 -6.498292e-02 -9.971906e-01 3.725849e-02 5.825411e+00 8.638602e-01 -7.490622e-02 -4.981312e-01 -6.256848e+01
5.044751e-01 3.014039e-05 8.634262e-01 3.234954e+02 -6.512175e-02 -9.971504e-01 3.808357e-02 5.907510e+00 8.609669e-01 -7.544003e-02 -5.030355e-01 -6.382805e+01
5.125251e-01 2.747398e-04 8.586722e-01 3.257925e+02 -6.513284e-02 -9.971065e-01 3.919559e-02 5.994268e+00 8.561984e-01 -7.601648e-02 -5.110242e-01 -6.513161e+01
5.194674e-01 2.806392e-03 8.544857e-01 3.283335e+02 -6.338781e-02 -9.971128e-01 4.181017e-02 6.138853e+00 8.521359e-01 -7.588300e-02 -5.177897e-01 -6.656078e+01
5.256293e-01 3.227505e-03 8.507077e-01 3.305542e+02 -6.337169e-02 -9.970658e-01 4.293843e-02 6.234397e+00 8.483502e-01 -7.648047e-02 -5.238824e-01 -6.789616e+01
5.313935e-01 3.678944e-03 8.471171e-01 3.327718e+02 -6.329916e-02 -9.970226e-01 4.403731e-02 6.330926e+00 8.447568e-01 -7.702294e-02 -5.295784e-01 -6.922565e+01
5.263503e-01 5.741789e-03 8.502485e-01 3.352581e+02 -6.310373e-02 -9.969556e-01 4.579717e-02 6.438602e+00 8.479229e-01 -7.775919e-02 -5.243856e-01 -7.061668e+01
5.340117e-01 6.247719e-03 8.454540e-01 3.373420e+02 -6.286559e-02 -9.969112e-01 4.707456e-02 6.535698e+00 8.431367e-01 -7.828834e-02 -5.319695e-01 -7.188366e+01
5.410987e-01 6.778298e-03 8.409318e-01 3.394079e+02 -6.271028e-02 -9.968582e-01 4.838615e-02 6.634576e+00 8.386177e-01 -7.891675e-02 -5.389735e-01 -7.315384e+01
5.453907e-01 7.362568e-03 8.381496e-01 3.414183e+02 -6.262282e-02 -9.968087e-01 4.950545e-02 6.735064e+00 8.358393e-01 -7.948710e-02 -5.431891e-01 -7.442610e+01
5.556940e-01 7.927340e-03 8.313491e-01 3.432368e+02 -6.219167e-02 -9.967565e-01 5.107502e-02 6.828106e+00 8.290575e-01 -8.008508e-02 -5.533986e-01 -7.559696e+01
5.586141e-01 9.141503e-03 8.293773e-01 3.457768e+02 -6.216557e-02 -9.966653e-01 5.285602e-02 6.940112e+00 8.270947e-01 -8.108483e-02 -5.561830e-01 -7.712944e+01
5.664107e-01 9.808692e-03 8.240647e-01 3.475091e+02 -6.174369e-02 -9.966138e-01 5.430127e-02 7.034199e+00 8.218069e-01 -8.163762e-02 -5.638871e-01 -7.827241e+01
5.750545e-01 1.048369e-02 8.180479e-01 3.492085e+02 -6.109687e-02 -9.965754e-01 5.572023e-02 7.131558e+00 8.158305e-01 -8.202234e-02 -5.724446e-01 -7.943781e+01
5.812910e-01 1.120890e-02 8.136185e-01 3.508459e+02 -6.042603e-02 -9.965495e-01 5.690054e-02 7.225984e+00 8.114490e-01 -8.223951e-02 -5.786080e-01 -8.055907e+01
5.693083e-01 1.493555e-02 8.219884e-01 3.528818e+02 -5.593372e-02 -9.968146e-01 5.685177e-02 7.330713e+00 8.202192e-01 -7.834306e-02 -5.666594e-01 -8.169018e+01
5.701562e-01 1.573734e-02 8.213856e-01 3.545452e+02 -5.567152e-02 -9.967781e-01 5.774157e-02 7.427506e+00 8.196478e-01 -7.864950e-02 -5.674431e-01 -8.279388e+01
5.706853e-01 1.651089e-02 8.210029e-01 3.561651e+02 -5.542323e-02 -9.967436e-01 5.857024e-02 7.523854e+00 8.192965e-01 -7.892781e-02 -5.679118e-01 -8.388445e+01
5.698628e-01 1.876771e-02 8.215256e-01 3.579835e+02 -4.810396e-02 -9.972628e-01 5.615041e-02 7.607047e+00 8.203307e-01 -7.151666e-02 -5.674001e-01 -8.497272e+01
5.734922e-01 1.950110e-02 8.189789e-01 3.597086e+02 -4.776048e-02 -9.972203e-01 5.718969e-02 7.708238e+00 8.178176e-01 -7.191266e-02 -5.709667e-01 -8.614413e+01
5.775143e-01 2.033202e-02 8.161274e-01 3.614646e+02 -4.734278e-02 -9.971734e-01 5.834343e-02 7.815056e+00 8.150067e-01 -7.233191e-02 -5.749193e-01 -8.736888e+01
5.846557e-01 2.098033e-02 8.110102e-01 3.632811e+02 -4.696801e-02 -9.971136e-01 5.965385e-02 7.928912e+00 8.099208e-01 -7.296851e-02 -5.819827e-01 -8.865369e+01
5.857937e-01 2.425997e-02 8.100970e-01 3.650816e+02 -4.369235e-02 -9.971530e-01 6.145634e-02 8.052876e+00 8.092816e-01 -7.139578e-02 -5.830659e-01 -8.996879e+01
5.889338e-01 2.418594e-02 8.078194e-01 3.668743e+02 -4.559048e-02 -9.969662e-01 6.308631e-02 8.163922e+00 8.068944e-01 -7.398253e-02 -5.860444e-01 -9.125822e+01
5.875900e-01 2.422790e-02 8.087960e-01 3.685937e+02 -4.768979e-02 -9.967772e-01 6.450558e-02 8.273648e+00 8.077523e-01 -7.647415e-02 -5.845408e-01 -9.251501e+01
5.883477e-01 2.438275e-02 8.082403e-01 3.703206e+02 -4.940934e-02 -9.965935e-01 6.603181e-02 8.381166e+00 8.070970e-01 -7.878428e-02 -5.851388e-01 -9.370600e+01
5.885011e-01 2.739557e-02 8.080322e-01 3.720644e+02 -4.278593e-02 -9.969699e-01 6.496292e-02 8.500094e+00 8.073635e-01 -7.280315e-02 -5.855458e-01 -9.480736e+01
5.907907e-01 2.630435e-02 8.063959e-01 3.737648e+02 -3.886330e-02 -9.973805e-01 6.100666e-02 8.613703e+00 8.058883e-01 -6.738138e-02 -5.882208e-01 -9.598917e+01
5.910749e-01 2.300393e-02 8.062886e-01 3.755554e+02 -3.890989e-02 -9.976165e-01 5.698674e-02 8.720002e+00 8.056777e-01 -6.505603e-02 -5.887710e-01 -9.725191e+01
5.907642e-01 2.004348e-02 8.065953e-01 3.773105e+02 -4.014865e-02 -9.977227e-01 5.419845e-02 8.818110e+00 8.058448e-01 -6.440222e-02 -5.886142e-01 -9.854080e+01
5.917165e-01 1.327597e-02 8.060367e-01 3.788664e+02 -3.192151e-02 -9.986944e-01 3.988295e-02 8.810670e+00 8.055138e-01 -4.932932e-02 -5.905201e-01 -9.982506e+01
5.920952e-01 1.159512e-02 8.057846e-01 3.806108e+02 -3.268310e-02 -9.987283e-01 3.838728e-02 8.872517e+00 8.052050e-01 -4.906446e-02 -5.909632e-01 -1.011073e+02
5.929981e-01 1.039924e-02 8.051367e-01 3.824350e+02 -3.302366e-02 -9.987612e-01 3.722265e-02 8.934887e+00 8.045263e-01 -4.866152e-02 -5.919201e-01 -1.024414e+02
5.924089e-01 9.331649e-03 8.055834e-01 3.842392e+02 -3.332846e-02 -9.987931e-01 3.607878e-02 8.994403e+00 8.049478e-01 -4.822224e-02 -5.913828e-01 -1.037693e+02
5.990512e-01 3.801743e-02 7.998076e-01 3.859947e+02 -2.934455e-02 -9.971588e-01 6.937706e-02 9.418029e+00 8.001727e-01 -6.503041e-02 -5.962336e-01 -1.051455e+02
5.993356e-01 3.538052e-02 7.997156e-01 3.877519e+02 -3.190551e-02 -9.971732e-01 6.802746e-02 9.541677e+00 7.998617e-01 -6.628661e-02 -5.965126e-01 -1.064753e+02
5.984956e-01 3.272218e-02 8.004576e-01 3.895071e+02 -3.457901e-02 -9.971792e-01 6.661847e-02 9.661599e+00 8.003795e-01 -6.754988e-02 -5.956758e-01 -1.077936e+02
5.958180e-01 3.016801e-02 8.025526e-01 3.912462e+02 -3.732026e-02 -9.971747e-01 6.519056e-02 9.777616e+00 8.022518e-01 -6.879319e-02 -5.930088e-01 -1.090963e+02
6.067865e-01 2.299340e-02 7.945323e-01 3.927753e+02 -4.201433e-02 -9.972564e-01 6.094660e-02 9.882546e+00 7.937537e-01 -7.036331e-02 -6.041555e-01 -1.103787e+02
6.062315e-01 2.074486e-02 7.950176e-01 3.946723e+02 -4.446004e-02 -9.972123e-01 5.992333e-02 9.999002e+00 7.940445e-01 -7.167392e-02 -6.036192e-01 -1.118118e+02
6.056208e-01 1.856684e-02 7.955368e-01 3.965847e+02 -4.694344e-02 -9.971531e-01 5.900910e-02 1.011533e+01 7.943675e-01 -7.308237e-02 -6.030251e-01 -1.132735e+02
6.068845e-01 1.646128e-02 7.946196e-01 3.985228e+02 -4.926583e-02 -9.970838e-01 5.828190e-02 1.023068e+01 7.932617e-01 -7.451797e-02 -6.043037e-01 -1.147415e+02
6.184484e-01 2.360824e-02 7.854706e-01 4.006001e+02 -4.529707e-02 -9.968156e-01 6.562558e-02 1.048173e+01 7.845188e-01 -7.616556e-02 -6.154097e-01 -1.164658e+02
6.187130e-01 2.168125e-02 7.853179e-01 4.025511e+02 -4.761734e-02 -9.967463e-01 6.503375e-02 1.061733e+01 7.841728e-01 -7.763198e-02 -6.156675e-01 -1.179996e+02
6.207733e-01 1.984406e-02 7.837389e-01 4.045150e+02 -4.985414e-02 -9.966572e-01 6.472288e-02 1.075419e+01 7.824034e-01 -7.925086e-02 -6.177088e-01 -1.195606e+02
6.220368e-01 1.802748e-02 7.827805e-01 4.064991e+02 -5.233281e-02 -9.965422e-01 6.453671e-02 1.089329e+01 7.812371e-01 -8.110932e-02 -6.189424e-01 -1.211581e+02
6.255763e-01 2.611627e-02 7.797257e-01 4.089887e+02 -4.929950e-02 -9.961188e-01 7.291732e-02 1.116323e+01 7.786037e-01 -8.405544e-02 -6.218609e-01 -1.231705e+02
6.251359e-01 2.444159e-02 7.801330e-01 4.109489e+02 -5.153883e-02 -9.960356e-01 7.250490e-02 1.131968e+01 7.788125e-01 -8.553258e-02 -6.213979e-01 -1.247408e+02
6.247600e-01 2.286947e-02 7.804818e-01 4.129428e+02 -5.355035e-02 -9.959625e-01 7.204941e-02 1.147454e+01 7.789784e-01 -8.680867e-02 -6.210129e-01 -1.262922e+02
6.254421e-01 2.141633e-02 7.799766e-01 4.148916e+02 -5.538621e-02 -9.958832e-01 7.175732e-02 1.162696e+01 7.783023e-01 -8.808000e-02 -6.216812e-01 -1.278387e+02
6.298247e-01 2.833128e-02 7.762204e-01 4.174496e+02 -4.113975e-02 -9.967151e-01 6.975988e-02 1.183767e+01 7.756471e-01 -7.587001e-02 -6.265903e-01 -1.298276e+02
6.328900e-01 2.713194e-02 7.737662e-01 4.193761e+02 -4.242883e-02 -9.966687e-01 6.965197e-02 1.198397e+01 7.730782e-01 -7.691202e-02 -6.296304e-01 -1.313893e+02
6.336737e-01 2.603898e-02 7.731621e-01 4.212574e+02 -4.380257e-02 -9.966223e-01 6.946482e-02 1.212885e+01 7.723594e-01 -7.788452e-02 -6.303927e-01 -1.329552e+02
6.337773e-01 2.509881e-02 7.731082e-01 4.231668e+02 -4.519941e-02 -9.965640e-01 6.940675e-02 1.227371e+01 7.721938e-01 -7.893246e-02 -6.304651e-01 -1.345179e+02
6.333715e-01 3.325821e-02 7.731329e-01 4.258086e+02 -3.417991e-02 -9.968987e-01 7.088517e-02 1.250415e+01 7.730926e-01 -7.132226e-02 -6.302705e-01 -1.365696e+02
6.328102e-01 3.274582e-02 7.736141e-01 4.277600e+02 -3.566419e-02 -9.968123e-01 7.136647e-02 1.265592e+01 7.734851e-01 -7.275177e-02 -6.296253e-01 -1.381605e+02
6.319275e-01 3.241948e-02 7.743491e-01 4.296877e+02 -3.719402e-02 -9.967050e-01 7.208195e-02 1.280807e+01 7.741344e-01 -7.435174e-02 -6.286395e-01 -1.397537e+02
6.310387e-01 3.228539e-02 7.750792e-01 4.316551e+02 -3.834325e-02 -9.966143e-01 7.273084e-02 1.296677e+01 7.748032e-01 -7.561503e-02 -6.276642e-01 -1.413935e+02
6.279045e-01 4.086627e-02 7.772167e-01 4.342069e+02 -4.405760e-02 -9.951528e-01 8.791904e-02 1.331692e+01 7.770424e-01 -8.944707e-02 -6.230605e-01 -1.432800e+02
6.282053e-01 4.091610e-02 7.769710e-01 4.362234e+02 -4.437588e-02 -9.951065e-01 8.828263e-02 1.351607e+01 7.767811e-01 -8.993839e-02 -6.233155e-01 -1.448834e+02
