-1.000000e+00 2.404952e-12 0.000000e+00 0.000000e+00 -4.870977e-12 -1.000000e+00 1.487699e-14 0.000000e+00 0.000000e+00 -4.662937e-15 1.000000e+00 0.000000e+00
-9.999974e-01 9.398652e-05 2.260448e-03 2.118250e-02 -9.411661e-05 -1.000000e+00 -5.744901e-05 -7.457932e-04 2.260443e-03 -5.766160e-05 9.999974e-01 4.553217e-01
-9.999988e-01 2.020590e-04 1.491350e-03 6.280852e-03 -2.023288e-04 -9.999999e-01 -1.807796e-04 -2.015281e-03 1.491313e-03 -1.810812e-04 9.999989e-01 9.652475e-01
-9.999968e-01 4.032204e-04 2.505257e-03 1.228772e-02 -4.041666e-04 -9.999999e-01 -3.771708e-04 -3.713740e-03 2.505104e-03 -3.781821e-04 9.999968e-01 1.496844e+00
-9.999968e-01 7.217521e-04 2.405183e-03 9.657027e-03 -7.233356e-04 -9.999995e-01 -6.575838e-04 -5.796706e-03 2.404707e-03 -6.593216e-04 9.999969e-01 2.036505e+00
-9.999669e-01 5.263208e-03 -6.210010e-03 -9.996259e-03 -5.226094e-03 -9.999685e-01 -5.977657e-03 -4.738529e-02 -6.241276e-03 -5.945004e-03 9.999629e-01 2.765862e+00
-9.999672e-01 5.622492e-03 -5.821967e-03 -8.442318e-03 -5.586068e-03 -9.999648e-01 -6.253722e-03 -5.306536e-02 -5.856924e-03 -6.220995e-03 9.999635e-01 3.331928e+00
-9.999615e-01 5.986883e-03 -6.416278e-03 -4.696505e-03 -5.944911e-03 -9.999610e-01 -6.540619e-03 -5.915898e-02 -6.455186e-03 -6.502223e-03 9.999580e-01 3.884120e+00
-9.999571e-01 6.322523e-03 -6.759194e-03 -1.675138e-02 -6.275662e-03 -9.999563e-01 -6.931753e-03 -6.611928e-02 -6.802725e-03 -6.889038e-03 9.999531e-01 4.454307e+00
-9.999132e-01 6.492747e-03 -1.147199e-02 -4.669717e-02 -6.388830e-03 -9.999385e-01 -9.071917e-03 -9.497719e-02 -1.153019e-02 -8.997837e-03 9.998931e-01 5.146942e+00
-9.999158e-01 6.620388e-03 -1.115691e-02 -5.611704e-02 -6.511187e-03 -9.999309e-01 -9.795797e-03 -1.037584e-01 -1.122099e-02 -9.722327e-03 9.998897e-01 5.735628e+00
-9.999266e-01 6.652214e-03 -1.011919e-02 -6.197617e-02 -6.546186e-03 -9.999237e-01 -1.047520e-02 -1.129671e-01 -1.018810e-02 -1.040819e-02 9.998940e-01 6.329510e+00
-9.999248e-01 6.560396e-03 -1.035807e-02 -7.657873e-02 -6.448464e-03 -9.999208e-01 -1.080287e-02 -1.228540e-01 -1.042812e-02 -1.073526e-02 9.998879e-01 6.954323e+00
-9.998361e-01 -1.276460e-03 -1.805804e-02 -1.112765e-01 1.444128e-03 -9.999560e-01 -9.274942e-03 -1.378775e-01 -1.804541e-02 -9.299501e-03 9.997939e-01 7.694674e+00
-9.998395e-01 -1.445248e-03 -1.785973e-02 -1.260021e-01 1.600552e-03 -9.999610e-01 -8.684501e-03 -1.480977e-01 -1.784648e-02 -8.711693e-03 9.998028e-01 8.355215e+00
-9.998447e-01 -1.667219e-03 -1.754058e-02 -1.496006e-01 1.809984e-03 -9.999654e-01 -8.126419e-03 -1.587075e-01 -1.752643e-02 -8.156906e-03 9.998131e-01 9.027882e+00
-9.998490e-01 -2.010567e-03 -1.726081e-02 -1.748509e-01 2.148191e-03 -9.999660e-01 -7.958321e-03 -1.689133e-01 -1.724423e-02 -7.994199e-03 9.998193e-01 9.699627e+00
-9.998481e-01 -2.330500e-03 -1.726960e-02 -1.819005e-01 2.470602e-03 -9.999642e-01 -8.095759e-03 -1.788017e-01 -1.725011e-02 -8.137195e-03 9.998181e-01 1.038704e+01
-9.997499e-01 -7.636203e-03 -2.101920e-02 -1.884099e-01 7.631967e-03 -9.999709e-01 2.817320e-04 -1.708364e-01 -2.102074e-02 1.212437e-04 9.997790e-01 1.114088e+01
-9.997320e-01 -7.779792e-03 -2.180265e-02 -1.938523e-01 7.766465e-03 -9.999696e-01 6.958409e-04 -1.747642e-01 -2.180740e-02 5.263248e-04 9.997621e-01 1.187655e+01
-9.997317e-01 -7.848432e-03 -2.179418e-02 -2.132022e-01 7.817932e-03 -9.999683e-01 1.484323e-03 -1.784540e-01 -2.180514e-02 1.313540e-03 9.997613e-01 1.263959e+01
-9.997050e-01 -3.286992e-03 -2.406784e-02 -2.706505e-01 2.971013e-03 -9.999090e-01 1.315269e-02 -1.636693e-01 -2.410888e-02 1.307731e-02 9.996238e-01 1.347265e+01
-9.996653e-01 -3.223084e-03 -2.566805e-02 -2.885817e-01 2.864003e-03 -9.998977e-01 1.401390e-02 -1.579467e-01 -2.571060e-02 1.393569e-02 9.995723e-01 1.427360e+01
-9.996861e-01 -3.158882e-03 -2.485443e-02 -3.167349e-01 2.793503e-03 -9.998878e-01 1.472177e-02 -1.516923e-01 -2.489814e-02 1.464771e-02 9.995826e-01 1.508020e+01
-9.997067e-01 -3.205053e-03 -2.400622e-02 -3.449290e-01 2.840053e-03 -9.998801e-01 1.522309e-02 -1.445833e-01 -2.405213e-02 1.515045e-02 9.995959e-01 1.588732e+01
-9.997426e-01 -2.453418e-03 -2.255524e-02 -3.588752e-01 2.245559e-03 -9.999549e-01 9.236270e-03 -1.471749e-01 -2.257688e-02 9.183243e-03 9.997029e-01 1.677737e+01
-9.997772e-01 -2.243324e-03 -2.099057e-02 -3.687887e-01 2.051114e-03 -9.999558e-01 9.174023e-03 -1.447014e-01 -2.101022e-02 9.128924e-03 9.997376e-01 1.761998e+01
-9.998115e-01 -2.159697e-03 -1.929232e-02 -3.862833e-01 1.988811e-03 -9.999587e-01 8.872520e-03 -1.423142e-01 -1.931068e-02 8.832480e-03 9.997745e-01 1.848908e+01
-9.998455e-01 -2.176789e-03 -1.743887e-02 -4.084679e-01 2.028621e-03 -9.999617e-01 8.509601e-03 -1.399420e-01 -1.745673e-02 8.472909e-03 9.998117e-01 1.936616e+01
-9.998428e-01 -2.209315e-03 -1.759051e-02 -4.384730e-01 2.065181e-03 -9.999642e-01 8.207805e-03 -1.379216e-01 -1.760801e-02 8.170187e-03 9.998116e-01 2.027251e+01
-9.997993e-01 -2.734361e-04 -2.003080e-02 -4.773779e-01 4.600970e-04 -9.999565e-01 -9.314675e-03 -1.985543e-01 -2.002738e-02 -9.322022e-03 9.997560e-01 2.125442e+01
-9.998012e-01 -5.024578e-04 -1.993560e-02 -5.013554e-01 6.964792e-04 -9.999524e-01 -9.726657e-03 -2.133548e-01 -1.992976e-02 -9.738606e-03 9.997540e-01 2.216639e+01
-9.998214e-01 -9.373676e-04 -1.887426e-02 -5.342138e-01 1.128856e-03 -9.999480e-01 -1.013740e-02 -2.289280e-01 -1.886377e-02 -1.015689e-02 9.997705e-01 2.311281e+01
-9.998382e-01 -1.428412e-03 -1.793007e-02 -5.616048e-01 1.617001e-03 -9.999435e-01 -1.050792e-02 -2.449363e-01 -1.791405e-02 -1.053521e-02 9.997840e-01 2.403738e+01
-9.998059e-01 -8.423294e-03 -1.781126e-02 -5.774937e-01 8.644970e-03 -9.998857e-01 -1.240560e-02 -2.680929e-01 -1.770473e-02 -1.255717e-02 9.997644e-01 2.507181e+01
-9.997939e-01 -8.922570e-03 -1.823685e-02 -6.108853e-01 9.154676e-03 -9.998776e-01 -1.268366e-02 -2.868971e-01 -1.812145e-02 -1.284800e-02 9.997532e-01 2.601579e+01
-9.997976e-01 -9.411065e-03 -1.778222e-02 -6.503948e-01 9.640813e-03 -9.998706e-01 -1.287887e-02 -3.062525e-01 -1.765872e-02 -1.304770e-02 9.997589e-01 2.697104e+01
-9.998087e-01 -9.935514e-03 -1.684671e-02 -6.730275e-01 1.015438e-02 -9.998645e-01 -1.295604e-02 -3.267598e-01 -1.671570e-02 -1.312463e-02 9.997742e-01 2.795836e+01
-9.997467e-01 -1.203566e-02 -1.901790e-02 -6.863162e-01 1.222934e-02 -9.998742e-01 -1.010056e-02 -3.519424e-01 -1.889394e-02 -1.033058e-02 9.997681e-01 2.910002e+01
-9.997536e-01 -1.256404e-02 -1.829899e-02 -6.942816e-01 1.275080e-02 -9.998674e-01 -1.012550e-02 -3.710998e-01 -1.816934e-02 -1.035633e-02 9.997813e-01 3.011256e+01
-9.996953e-01 -1.313774e-02 -2.089500e-02 -7.142061e-01 1.335167e-02 -9.998596e-01 -1.013197e-02 -3.903268e-01 -2.075895e-02 -1.040787e-02 9.997303e-01 3.113357e+01
-9.996423e-01 -1.372048e-02 -2.296059e-02 -7.349004e-01 1.395496e-02 -9.998518e-01 -1.008345e-02 -4.101186e-01 -2.281884e-02 -1.040025e-02 9.996855e-01 3.217039e+01
-9.995900e-01 -1.469841e-02 -2.457135e-02 -7.858720e-01 1.489845e-02 -9.998572e-01 -7.978109e-03 -4.285271e-01 -2.445058e-02 -8.340913e-03 9.996662e-01 3.327718e+01
-9.995695e-01 -1.522731e-02 -2.507762e-02 -8.122434e-01 1.542179e-02 -9.998524e-01 -7.580232e-03 -4.468043e-01 -2.495849e-02 -7.963710e-03 9.996568e-01 3.433429e+01
-9.995807e-01 -1.574678e-02 -2.429933e-02 -8.366556e-01 1.592271e-02 -9.998483e-01 -7.063540e-03 -4.651471e-01 -2.418442e-02 -7.447489e-03 9.996797e-01 3.538876e+01
-9.996347e-01 -1.285777e-02 -2.377198e-02 -8.708711e-01 1.281366e-02 -9.999159e-01 2.006745e-03 -4.691978e-01 -2.379578e-02 1.701406e-03 9.997154e-01 3.646888e+01
-9.996271e-01 -1.334004e-02 -2.382736e-02 -8.945414e-01 1.328463e-02 -9.999086e-01 2.482312e-03 -4.781255e-01 -2.385829e-02 2.164848e-03 9.997130e-01 3.753202e+01
-9.996003e-01 -1.384501e-02 -2.464886e-02 -9.222103e-01 1.377666e-02 -9.999008e-01 2.940698e-03 -4.865618e-01 -2.468712e-02 2.599943e-03 9.996918e-01 3.860915e+01
-9.995722e-01 -1.431137e-02 -2.550561e-02 -9.374594e-01 1.422791e-02 -9.998928e-01 3.450953e-03 -4.949145e-01 -2.555227e-02 3.086585e-03 9.996687e-01 3.968245e+01
-9.995256e-01 -1.379018e-02 -2.753857e-02 -9.967306e-01 1.372331e-02 -9.999024e-01 2.615882e-03 -5.120933e-01 -2.757196e-02 2.236721e-03 9.996173e-01 4.074331e+01
-9.994763e-01 -1.426256e-02 -2.904747e-02 -1.040483e+00 1.417150e-02 -9.998940e-01 3.338450e-03 -5.213944e-01 -2.909200e-02 2.925055e-03 9.995725e-01 4.181253e+01
-9.994304e-01 -1.477530e-02 -3.034124e-02 -1.073986e+00 1.465975e-02 -9.998844e-01 4.027306e-03 -5.305341e-01 -3.039724e-02 3.580217e-03 9.995314e-01 4.288733e+01
-9.994027e-01 -1.537242e-02 -3.095116e-02 -1.108466e+00 1.523991e-02 -9.998736e-01 4.512565e-03 -5.395691e-01 -3.101661e-02 4.038177e-03 9.995107e-01 4.394685e+01
-9.993672e-01 -1.609262e-02 -3.171983e-02 -1.145484e+00 1.594863e-02 -9.998614e-01 4.787195e-03 -5.483702e-01 -3.179247e-02 4.278278e-03 9.994853e-01 4.502987e+01
-9.994149e-01 -1.749255e-02 -2.938901e-02 -1.189105e+00 1.737954e-02 -9.998406e-01 4.096203e-03 -5.702807e-01 -2.945598e-02 3.583039e-03 9.995596e-01 4.616327e+01
-9.994171e-01 -1.828505e-02 -2.882705e-02 -1.233875e+00 1.816344e-02 -9.998250e-01 4.474653e-03 -5.801379e-01 -2.890382e-02 3.948447e-03 9.995744e-01 4.725613e+01
-9.994372e-01 -1.913664e-02 -2.755209e-02 -1.265079e+00 1.900779e-02 -9.998072e-01 4.931009e-03 -5.900685e-01 -2.764114e-02 4.404529e-03 9.996082e-01 4.833780e+01
-9.993880e-01 -1.926955e-02 -2.919612e-02 -1.300979e+00 1.915153e-02 -9.998073e-01 4.316564e-03 -6.086487e-01 -2.927367e-02 3.754772e-03 9.995644e-01 4.940176e+01
-9.993901e-01 -2.001062e-02 -2.861680e-02 -1.327188e+00 1.988162e-02 -9.997909e-01 4.785340e-03 -6.192157e-01 -2.870657e-02 4.213473e-03 9.995790e-01 5.048227e+01
-9.993978e-01 -2.066100e-02 -2.787634e-02 -1.368390e+00 2.052495e-02 -9.997761e-01 5.157733e-03 -6.293910e-01 -2.797666e-02 4.582467e-03 9.995980e-01 5.155349e+01
-9.993998e-01 -2.132765e-02 -2.729687e-02 -1.394105e+00 2.118736e-02 -9.997609e-01 5.418545e-03 -6.394306e-01 -2.740591e-02 4.836944e-03 9.996127e-01 5.262916e+01
-9.994680e-01 -1.766288e-02 -2.741788e-02 -1.442415e+00 1.764338e-02 -9.998439e-01 9.529013e-04 -6.527051e-01 -2.743043e-02 4.686503e-04 9.996236e-01 5.368432e+01
-9.994550e-01 -1.826331e-02 -2.749472e-02 -1.478751e+00 1.824317e-02 -9.998331e-01 9.833348e-04 -6.678985e-01 -2.750809e-02 4.812081e-04 9.996215e-01 5.476384e+01
-9.993790e-01 -1.882881e-02 -2.978493e-02 -1.503370e+00 1.880785e-02 -9.998226e-01 9.837552e-04 -6.835632e-01 -2.979817e-02 4.229537e-04 9.995558e-01 5.586517e+01
-9.992728e-01 -1.935977e-02 -3.284926e-02 -1.533481e+00 1.933325e-02 -9.998125e-01 1.124671e-03 -6.992666e-01 -3.286488e-02 4.887702e-04 9.994597e-01 5.696655e+01
-9.992159e-01 -1.991162e-02 -3.422239e-02 -1.574401e+00 1.987004e-02 -9.998014e-01 1.554570e-03 -7.149310e-01 -3.424655e-02 8.733503e-04 9.994130e-01 5.805762e+01
-9.994956e-01 -1.340861e-02 -2.878636e-02 -1.601005e+00 1.348771e-02 -9.999058e-01 -2.555172e-03 -7.539108e-01 -2.874938e-02 -2.942145e-03 9.995824e-01 5.907762e+01
-9.994758e-01 -1.386263e-02 -2.925652e-02 -1.628734e+00 1.392162e-02 -9.999015e-01 -1.813466e-03 -7.743413e-01 -2.922850e-02 -2.219813e-03 9.995703e-01 6.016252e+01
-9.994981e-01 -1.423141e-02 -2.830044e-02 -1.651626e+00 1.427243e-02 -9.998974e-01 -1.247800e-03 -7.944426e-01 -2.827977e-02 -1.651090e-03 9.995986e-01 6.124203e+01
-9.995015e-01 -1.457242e-02 -2.800785e-02 -1.679208e+00 1.460214e-02 -9.998931e-01 -8.565483e-04 -8.139277e-01 -2.799237e-02 -1.265096e-03 9.996073e-01 6.231211e+01
-9.996911e-01 -7.976747e-03 -2.354234e-02 -1.698257e+00 7.816318e-03 -9.999456e-01 6.898649e-03 -7.834508e-01 -2.359609e-02 6.712502e-03 9.996990e-01 6.337880e+01
-9.997125e-01 -8.611694e-03 -2.237693e-02 -1.716697e+00 8.458973e-03 -9.999403e-01 6.910614e-03 -7.948413e-01 -2.243510e-02 6.719342e-03 9.997257e-01 6.445063e+01
-9.997161e-01 -9.398930e-03 -2.189108e-02 -1.748738e+00 9.250316e-03 -9.999335e-01 6.880220e-03 -8.056974e-01 -2.195429e-02 6.675767e-03 9.997367e-01 6.553926e+01
-9.997369e-01 -1.045138e-02 -2.041975e-02 -1.767786e+00 1.030941e-02 -9.999220e-01 7.045378e-03 -8.166772e-01 -2.049180e-02 6.833008e-03 9.997666e-01 6.662965e+01
-9.996614e-01 -1.317185e-02 -2.244246e-02 -1.830304e+00 1.327920e-02 -9.999011e-01 -4.641016e-03 -8.684398e-01 -2.237911e-02 -4.937462e-03 9.997374e-01 6.772120e+01
-9.996548e-01 -1.430709e-02 -2.203667e-02 -1.857693e+00 1.440486e-02 -9.998870e-01 -4.284500e-03 -8.922628e-01 -2.197288e-02 -4.600456e-03 9.997480e-01 6.880604e+01
-9.996642e-01 -1.536293e-02 -2.086600e-02 -1.875332e+00 1.544743e-02 -9.998731e-01 -3.894271e-03 -9.159285e-01 -2.080353e-02 -4.215289e-03 9.997747e-01 6.987543e+01
-9.996564e-01 -1.637570e-02 -2.046894e-02 -1.913921e+00 1.644937e-02 -9.998588e-01 -3.436241e-03 -9.390785e-01 -2.040978e-02 -3.771761e-03 9.997846e-01 7.096980e+01
-9.995700e-01 -1.655752e-02 -2.420117e-02 -2.008886e+00 1.648357e-02 -9.998589e-01 3.252267e-03 -9.062327e-01 -2.425160e-02 2.851947e-03 9.997019e-01 7.206792e+01
-9.995698e-01 -1.745843e-02 -2.356594e-02 -2.042636e+00 1.737172e-02 -9.998416e-01 3.879103e-03 -9.221601e-01 -2.362994e-02 3.468053e-03 9.997147e-01 7.313980e+01
-9.995296e-01 -1.835146e-02 -2.457334e-02 -2.073380e+00 1.824693e-02 -9.998235e-01 4.471167e-03 -9.378188e-01 -2.465105e-02 4.020676e-03 9.996880e-01 7.423157e+01
-9.994816e-01 -1.923209e-02 -2.581833e-02 -2.102086e+00 1.911274e-02 -9.998055e-01 4.861598e-03 -9.529563e-01 -2.590681e-02 4.365619e-03 9.996548e-01 7.531543e+01
-9.995632e-01 -1.201701e-02 -2.700246e-02 -2.101501e+00 1.182551e-02 -9.999039e-01 7.240681e-03 -9.468017e-01 -2.708687e-02 6.918200e-03 9.996091e-01 7.644074e+01
-9.995262e-01 -1.305655e-02 -2.787293e-02 -2.135448e+00 1.284965e-02 -9.998887e-01 7.589352e-03 -9.590970e-01 -2.796892e-02 7.227599e-03 9.995826e-01 7.752257e+01
-9.994584e-01 -1.409584e-02 -2.973712e-02 -2.167202e+00 1.385900e-02 -9.998707e-01 8.155614e-03 -9.708334e-01 -2.984824e-02 7.739069e-03 9.995245e-01 7.862618e+01
-9.993924e-01 -1.518441e-02 -3.137279e-02 -2.211018e+00 1.491106e-02 -9.998490e-01 8.928524e-03 -9.820138e-01 -3.150363e-02 8.455298e-03 9.994678e-01 7.971668e+01
-9.993688e-01 -1.612000e-02 -3.165682e-02 -2.259998e+00 1.585874e-02 -9.998382e-01 8.486660e-03 -9.913879e-01 -3.178850e-02 7.979265e-03 9.994628e-01 8.073555e+01
-9.993753e-01 -1.715145e-02 -3.089787e-02 -2.297781e+00 1.687744e-02 -9.998161e-01 9.107459e-03 -1.002383e+00 -3.104839e-02 8.580293e-03 9.994810e-01 8.181517e+01
-9.993141e-01 -1.809111e-02 -3.231173e-02 -2.323393e+00 1.778682e-02 -9.997949e-01 9.680209e-03 -1.013144e+00 -3.248022e-02 9.098846e-03 9.994310e-01 8.286835e+01
-9.992869e-01 -1.900378e-02 -3.262736e-02 -2.377649e+00 1.867926e-02 -9.997733e-01 1.022242e-02 -1.022656e+00 -3.281423e-02 9.605680e-03 9.994153e-01 8.393411e+01
-9.993228e-01 -1.760349e-02 -3.231206e-02 -2.415832e+00 1.727354e-02 -9.997960e-01 1.046214e-02 -1.013836e+00 -3.248964e-02 9.896916e-03 9.994230e-01 8.491353e+01
-9.992809e-01 -1.839677e-02 -3.315764e-02 -2.453987e+00 1.803826e-02 -9.997759e-01 1.107914e-02 -1.023827e+00 -3.335403e-02 1.047307e-02 9.993888e-01 8.593756e+01
-9.992675e-01 -1.911382e-02 -3.315235e-02 -2.485392e+00 1.873236e-02 -9.997551e-01 1.177892e-02 -1.033293e+00 -3.336937e-02 1.114927e-02 9.993809e-01 8.696483e+01
-9.993702e-01 -1.401588e-02 -3.259870e-02 -2.509965e+00 1.353318e-02 -9.997962e-01 1.498114e-02 -1.029280e+00 -3.280203e-02 1.453054e-02 9.993562e-01 8.792465e+01
-9.993122e-01 -1.463424e-02 -3.407414e-02 -2.540839e+00 1.410654e-02 -9.997776e-01 1.567604e-02 -1.035949e+00 -3.429597e-02 1.518459e-02 9.992964e-01 8.891441e+01
-9.992250e-01 -1.519404e-02 -3.631250e-02 -2.568721e+00 1.460898e-02 -9.997600e-01 1.632335e-02 -1.043185e+00 -3.655181e-02 1.578021e-02 9.992072e-01 8.984705e+01
-9.991079e-01 -1.577552e-02 -3.917246e-02 -2.606130e+00 1.512291e-02 -9.997428e-01 1.690083e-02 -1.049823e+00 -3.942901e-02 1.629335e-02 9.990895e-01 9.077969e+01
-9.989725e-01 -1.634035e-02 -4.227218e-02 -2.639907e+00 1.561350e-02 -9.997255e-01 1.746776e-02 -1.056543e+00 -4.254601e-02 1.678980e-02 9.989535e-01 9.168829e+01
-9.987505e-01 -1.145310e-02 -4.864366e-02 -2.718346e+00 1.069918e-02 -9.998190e-01 1.573117e-02 -1.066919e+00 -4.881503e-02 1.519107e-02 9.986923e-01 9.242908e+01
-9.984833e-01 -1.210144e-02 -5.370907e-02 -2.768348e+00 1.123703e-02 -9.998029e-01 1.636722e-02 -1.075562e+00 -5.389655e-02 1.573886e-02 9.984224e-01 9.328221e+01
-9.982402e-01 -1.276966e-02 -5.790959e-02 -2.821652e+00 1.180000e-02 -9.997849e-01 1.705546e-02 -1.083665e+00 -5.811493e-02 1.634211e-02 9.981761e-01 9.413872e+01
-9.980450e-01 -1.352865e-02 -6.101775e-02 -2.881939e+00 1.246559e-02 -9.997644e-01 1.776939e-02 -1.091892e+00 -6.124377e-02 1.697403e-02 9.979785e-01 9.495515e+01
-9.980797e-01 -1.476785e-02 -6.015623e-02 -2.940994e+00 1.355950e-02 -9.996990e-01 2.044587e-02 -1.084421e+00 -6.044007e-02 1.959092e-02 9.979795e-01 9.563766e+01
-9.978867e-01 -1.563849e-02 -6.306762e-02 -2.986537e+00 1.433372e-02 -9.996749e-01 2.108815e-02 -1.092032e+00 -6.337690e-02 2.013959e-02 9.977864e-01 9.636833e+01
-9.976954e-01 -1.658022e-02 -6.579433e-02 -3.039520e+00 1.519301e-02 -9.996528e-01 2.152867e-02 -1.099486e+00 -6.612844e-02 2.047944e-02 9.976009e-01 9.708307e+01
-9.974701e-01 -1.759878e-02 -6.887412e-02 -3.108462e+00 1.613232e-02 -9.996324e-01 2.179055e-02 -1.107154e+00 -6.923228e-02 2.062432e-02 9.973873e-01 9.775243e+01
-9.973133e-01 -2.149456e-02 -7.002891e-02 -3.166141e+00 2.038604e-02 -9.996559e-01 1.650596e-02 -1.103041e+00 -7.035960e-02 1.503401e-02 9.974083e-01 9.835918e+01
-9.970991e-01 -2.258218e-02 -7.268698e-02 -3.227377e+00 2.143184e-02 -9.996331e-01 1.656732e-02 -1.114063e+00 -7.303442e-02 1.496144e-02 9.972172e-01 9.898807e+01
-9.970471e-01 -2.373038e-02 -7.303369e-02 -3.277327e+00 2.257615e-02 -9.996074e-01 1.658929e-02 -1.125129e+00 -7.339869e-02 1.489148e-02 9.971915e-01 9.960257e+01
-9.970886e-01 -2.500475e-02 -7.203524e-02 -3.324560e+00 2.386276e-02 -9.995762e-01 1.667053e-02 -1.136630e+00 -7.242156e-02 1.490304e-02 9.972628e-01 1.001747e+02
-9.973739e-01 -2.999942e-02 -6.591858e-02 -3.345507e+00 2.940889e-02 -9.995183e-01 9.910804e-03 -1.133073e+00 -6.618415e-02 7.946186e-03 9.977757e-01 1.006445e+02
-9.975939e-01 -3.136354e-02 -6.182799e-02 -3.386709e+00 3.079788e-02 -9.994748e-01 1.008112e-02 -1.147960e+00 -6.211169e-02 8.152690e-03 9.980359e-01 1.012017e+02
-9.979926e-01 -3.265033e-02 -5.426678e-02 -3.427308e+00 3.213925e-02 -9.994307e-01 1.026450e-02 -1.162625e+00 -5.457103e-02 8.499799e-03 9.984737e-01 1.017230e+02
-9.984291e-01 -3.383612e-02 -4.466020e-02 -3.460896e+00 3.340156e-02 -9.993874e-01 1.044125e-02 -1.177358e+00 -4.498613e-02 8.933127e-03 9.989477e-01 1.022085e+02
-9.988329e-01 -3.492261e-02 -3.336572e-02 -3.480614e+00 3.458815e-02 -9.993460e-01 1.054905e-02 -1.192165e+00 -3.371230e-02 9.382682e-03 9.993875e-01 1.026708e+02
-9.992478e-01 -3.733309e-02 -1.049265e-02 -3.438045e+00 3.714909e-02 -9.991614e-01 1.721505e-02 -1.152123e+00 -1.112654e-02 1.681231e-02 9.997967e-01 1.030148e+02
-9.992576e-01 -3.825112e-02 4.599764e-03 -3.438977e+00 3.832396e-02 -9.991215e-01 1.695359e-02 -1.163883e+00 3.947230e-03 1.711728e-02 9.998457e-01 1.034510e+02
-9.989555e-01 -3.910351e-02 2.363601e-02 -3.423519e+00 3.949477e-02 -9.990866e-01 1.631949e-02 -1.176384e+00 2.297627e-02 1.723595e-02 9.995874e-01 1.038445e+02
-9.981095e-01 -3.298572e-02 5.185930e-02 -3.344209e+00 3.375485e-02 -9.993318e-01 1.402581e-02 -1.160643e+00 5.136200e-02 1.574980e-02 9.985559e-01 1.041810e+02
-9.967519e-01 -3.357080e-02 7.320189e-02 -3.288164e+00 3.461695e-02 -9.993152e-01 1.306948e-02 -1.173535e+00 7.271301e-02 1.556105e-02 9.972315e-01 1.045941e+02
-9.943566e-01 -3.401415e-02 1.004886e-01 -3.222543e+00 3.538250e-02 -9.993034e-01 1.186572e-02 -1.186514e+00 1.000150e-01 1.535429e-02 9.948674e-01 1.049880e+02
-9.909791e-01 -3.433450e-02 1.295441e-01 -3.148552e+00 3.599975e-02 -9.992963e-01 1.053427e-02 -1.199371e+00 1.290913e-01 1.510279e-02 9.915177e-01 1.053825e+02
-9.843030e-01 -2.539790e-02 1.746498e-01 -3.065234e+00 2.577677e-02 -9.996678e-01 -9.912653e-05 -1.179745e+00 1.745942e-01 4.404335e-03 9.846306e-01 1.057643e+02
-9.776319e-01 -2.546637e-02 2.087756e-01 -2.952995e+00 2.576538e-02 -9.996672e-01 -1.287700e-03 -1.196471e+00 2.087390e-01 4.120287e-03 9.779627e-01 1.061237e+02
-9.687623e-01 -2.544252e-02 2.466824e-01 -2.824288e+00 2.560165e-02 -9.996690e-01 -2.562734e-03 -1.213480e+00 2.466660e-01 3.832798e-03 9.690930e-01 1.064800e+02
-9.579841e-01 -2.546854e-02 2.856883e-01 -2.697186e+00 2.541786e-02 -9.996694e-01 -3.886103e-03 -1.230371e+00 2.856928e-01 3.538761e-03 9.583147e-01 1.068344e+02
-9.397260e-01 -1.417548e-02 3.416345e-01 -2.564663e+00 1.350330e-02 -9.998994e-01 -4.345725e-03 -1.211887e+00 3.416617e-01 5.294029e-04 9.398229e-01 1.071414e+02
-9.235749e-01 -1.433946e-02 3.831499e-01 -2.401298e+00 1.340252e-02 -9.998971e-01 -5.114850e-03 -1.228092e+00 3.831838e-01 4.112262e-04 9.236720e-01 1.074721e+02
-9.047585e-01 -1.448580e-02 4.256787e-01 -2.231098e+00 1.326976e-02 -9.998950e-01 -5.822111e-03 -1.243885e+00 4.257183e-01 3.810519e-04 9.048556e-01 1.077914e+02
-8.840268e-01 -1.455336e-02 4.672096e-01 -2.045890e+00 1.302307e-02 -9.998941e-01 -6.504732e-03 -1.259658e+00 4.672548e-01 3.341458e-04 8.841227e-01 1.081029e+02
-8.549513e-01 -1.631051e-02 5.184518e-01 -1.866685e+00 1.616303e-02 -9.998578e-01 -4.801970e-03 -1.228082e+00 5.184563e-01 4.274301e-03 8.550935e-01 1.083319e+02
-8.293308e-01 -1.647430e-02 5.585150e-01 -1.650686e+00 1.592877e-02 -9.998561e-01 -5.839966e-03 -1.243273e+00 5.585309e-01 4.053195e-03 8.294739e-01 1.086022e+02
-8.003579e-01 -1.683805e-02 5.992860e-01 -1.422687e+00 1.574072e-02 -9.998511e-01 -7.070640e-03 -1.258466e+00 5.993158e-01 3.774148e-03 8.005038e-01 1.088574e+02
-7.689502e-01 -1.747296e-02 6.390699e-01 -1.172676e+00 1.570971e-02 -9.998410e-01 -8.434444e-03 -1.273732e+00 6.391156e-01 3.553933e-03 7.691025e-01 1.091116e+02
-7.283469e-01 -2.242696e-02 6.848415e-01 -9.132938e-01 1.532740e-02 -9.997474e-01 -1.643830e-02 -1.274217e+00 6.850371e-01 -1.475942e-03 7.285066e-01 1.093524e+02
-6.908876e-01 -2.326668e-02 7.225876e-01 -6.196113e-01 1.497112e-02 -9.997281e-01 -1.787602e-02 -1.291980e+00 7.228072e-01 -1.532374e-03 6.910481e-01 1.096077e+02
-6.520724e-01 -2.389195e-02 7.577801e-01 -3.100726e-01 1.441187e-02 -9.997134e-01 -1.911836e-02 -1.310280e+00 7.580197e-01 -1.545524e-03 6.522298e-01 1.098478e+02
-6.100964e-01 -2.437703e-02 7.919521e-01 -3.402421e-03 1.374491e-02 -9.997018e-01 -2.018310e-02 -1.327984e+00 7.922079e-01 -1.428326e-03 6.102495e-01 1.100664e+02
-5.549848e-01 -2.895477e-02 8.313564e-01 2.937489e-01 1.673651e-02 -9.995804e-01 -2.364102e-02 -1.316616e+00 8.316921e-01 7.935939e-04 5.552365e-01 1.102068e+02
-5.080463e-01 -2.916720e-02 8.608358e-01 6.248596e-01 1.583047e-02 -9.995739e-01 -2.452519e-02 -1.335415e+00 8.611843e-01 1.167507e-03 5.082915e-01 1.103661e+02
-4.572982e-01 -2.906332e-02 8.888384e-01 9.763225e-01 1.469551e-02 -9.995763e-01 -2.512355e-02 -1.355159e+00 8.891920e-01 1.572981e-03 4.575315e-01 1.105179e+02
-4.061002e-01 -2.893799e-02 9.133703e-01 1.342887e+00 1.371638e-02 -9.995789e-01 -2.557077e-02 -1.374948e+00 9.137257e-01 2.143839e-03 4.063261e-01 1.106489e+02
-3.521016e-01 -1.628606e-02 9.358201e-01 1.707612e+00 1.368861e-02 -9.998313e-01 -1.224972e-02 -1.351112e+00 9.358616e-01 8.496929e-03 3.522651e-01 1.107584e+02
-2.999102e-01 -1.654388e-02 9.538240e-01 2.097411e+00 1.381281e-02 -9.998201e-01 -1.299853e-02 -1.365527e+00 9.538674e-01 9.276597e-03 3.000847e-01 1.108595e+02
-2.502665e-01 -1.683265e-02 9.680307e-01 2.487760e+00 1.386038e-02 -9.998087e-01 -1.380188e-02 -1.379616e+00 9.680777e-01 9.963122e-03 2.504520e-01 1.109409e+02
-2.016408e-01 -1.700286e-02 9.793119e-01 2.894491e+00 1.355873e-02 -9.998019e-01 -1.456687e-02 -1.393894e+00 9.793656e-01 1.034095e-02 2.018314e-01 1.110185e+02
-1.604494e-01 -2.713558e-02 9.866710e-01 3.301183e+00 1.905705e-02 -9.995208e-01 -2.438998e-02 -1.384409e+00 9.868601e-01 1.488968e-02 1.608896e-01 1.111193e+02
-1.207938e-01 -2.721924e-02 9.923043e-01 3.731403e+00 1.795345e-02 -9.995204e-01 -2.523169e-02 -1.403046e+00 9.925153e-01 1.476745e-02 1.212246e-01 1.111636e+02
-8.763623e-02 -2.719478e-02 9.957812e-01 4.173313e+00 1.717164e-02 -9.995200e-01 -2.578565e-02 -1.422164e+00 9.960045e-01 1.483944e-02 8.806115e-02 1.111876e+02
-5.921969e-02 -2.699043e-02 9.978800e-01 4.622645e+00 1.680266e-02 -9.995197e-01 -2.603762e-02 -1.440775e+00 9.981036e-01 1.522510e-02 5.964477e-02 1.112178e+02
-6.504939e-02 -2.354194e-02 9.976043e-01 5.156800e+00 4.233997e-03 -9.997191e-01 -2.331576e-02 -1.449490e+00 9.978731e-01 2.707178e-03 6.513080e-02 1.112876e+02
-4.261357e-02 -2.299082e-02 9.988270e-01 5.660891e+00 4.099128e-03 -9.997308e-01 -2.283674e-02 -1.467879e+00 9.990832e-01 3.121165e-03 4.269633e-02 1.113015e+02
-2.138266e-02 -2.244266e-02 9.995195e-01 6.174496e+00 3.672011e-03 -9.997430e-01 -2.236913e-02 -1.486475e+00 9.997646e-01 3.191935e-03 2.145958e-02 1.113238e+02
-1.580062e-03 -2.198146e-02 9.997572e-01 6.704050e+00 2.993396e-03 -9.997540e-01 -2.197666e-02 -1.505195e+00 9.999943e-01 2.957944e-03 1.645473e-03 1.113269e+02
7.969724e-03 -1.372114e-02 9.998741e-01 7.322203e+00 3.341839e-03 -9.998999e-01 -1.374813e-02 -1.487778e+00 9.999627e-01 3.450987e-03 -7.923072e-03 1.113169e+02
2.182092e-02 -1.376513e-02 9.996672e-01 7.886700e+00 3.135067e-03 -9.998994e-01 -1.383676e-02 -1.501674e+00 9.997570e-01 3.435954e-03 -2.177557e-02 1.113122e+02
3.120713e-02 -1.380673e-02 9.994175e-01 8.470601e+00 2.908059e-03 -9.998991e-01 -1.390419e-02 -1.515474e+00 9.995087e-01 3.340275e-03 -3.116383e-02 1.112975e+02
3.820778e-02 -1.367682e-02 9.991762e-01 9.076725e+00 2.337697e-03 -9.999024e-01 -1.377615e-02 -1.529542e+00 9.992670e-01 2.862127e-03 -3.817208e-02 1.112741e+02
3.546323e-02 -2.558466e-02 9.990433e-01 9.821640e+00 -1.671504e-03 -9.996724e-01 -2.554144e-02 -1.546166e+00 9.993696e-01 -7.641235e-04 -3.549437e-02 1.112235e+02
3.661644e-02 -2.533300e-02 9.990082e-01 1.044125e+01 -2.158898e-03 -9.996783e-01 -2.527087e-02 -1.567817e+00 9.993271e-01 -1.231428e-03 -3.665935e-02 1.112103e+02
3.740343e-02 -2.511025e-02 9.989847e-01 1.106123e+01 -2.419460e-03 -9.996836e-01 -2.503723e-02 -1.589290e+00 9.992973e-01 -1.480525e-03 -3.745235e-02 1.111956e+02
3.775238e-02 -2.492959e-02 9.989761e-01 1.171391e+01 -2.608325e-03 -9.996878e-01 -2.484878e-02 -1.611473e+00 9.992837e-01 -1.667554e-03 -3.780562e-02 1.111898e+02
2.163107e-02 -2.040013e-02 9.995579e-01 1.256866e+01 -4.573391e-03 -9.997833e-01 -2.030576e-02 -1.618269e+00 9.997556e-01 -4.132133e-03 -2.171968e-02 1.112029e+02
2.069455e-02 -2.021188e-02 9.995815e-01 1.324273e+01 -4.691765e-03 -9.997866e-01 -2.011889e-02 -1.637841e+00 9.997748e-01 -4.273450e-03 -2.078496e-02 1.111884e+02
1.992467e-02 -1.995855e-02 9.996023e-01 1.392924e+01 -4.706482e-03 -9.997916e-01 -1.986851e-02 -1.657635e+00 9.997904e-01 -4.308737e-03 -2.001445e-02 1.111817e+02
2.063007e-02 -1.961590e-02 9.995947e-01 1.465203e+01 -4.749432e-03 -9.997981e-01 -1.952187e-02 -1.678215e+00 9.997759e-01 -4.344768e-03 -2.071907e-02 1.111680e+02
1.925563e-02 -2.010787e-02 9.996123e-01 1.562615e+01 -1.594068e-03 -9.997970e-01 -2.008088e-02 -1.705569e+00 9.998133e-01 -1.206780e-03 -1.928378e-02 1.111483e+02
2.054330e-02 -1.957242e-02 9.995973e-01 1.634762e+01 -1.540928e-03 -9.998078e-01 -1.954488e-02 -1.726737e+00 9.997877e-01 -1.138792e-03 -2.056951e-02 1.111336e+02
2.065772e-02 -1.898814e-02 9.996063e-01 1.707578e+01 -1.186359e-03 -9.998194e-01 -1.896768e-02 -1.747741e+00 9.997858e-01 -7.940635e-04 -2.067651e-02 1.111226e+02
2.173993e-02 -1.829286e-02 9.995962e-01 1.783432e+01 -9.036474e-04 -9.998325e-01 -1.827753e-02 -1.769109e+00 9.997633e-01 -5.059303e-04 -2.175282e-02 1.111083e+02
2.312342e-02 -1.315519e-02 9.996461e-01 1.884860e+01 2.882223e-03 -9.999084e-01 -1.322531e-02 -1.777971e+00 9.997284e-01 3.187018e-03 -2.308339e-02 1.111077e+02
2.677956e-02 -1.235574e-02 9.995650e-01 1.963180e+01 3.251749e-03 -9.999173e-01 -1.244721e-02 -1.796150e+00 9.996361e-01 3.583665e-03 -2.673716e-02 1.110944e+02
2.755580e-02 -1.176365e-02 9.995511e-01 2.044295e+01 4.016061e-03 -9.999214e-01 -1.187872e-02 -1.814250e+00 9.996122e-01 4.341586e-03 -2.750638e-02 1.110782e+02
2.857465e-02 -1.140307e-02 9.995266e-01 2.125619e+01 4.845507e-03 -9.999216e-01 -1.154611e-02 -1.832160e+00 9.995799e-01 5.173139e-03 -2.851716e-02 1.110565e+02
2.621997e-02 -1.223405e-02 9.995813e-01 2.217899e+01 5.361168e-03 -9.999090e-01 -1.237869e-02 -1.870178e+00 9.996418e-01 5.683491e-03 -2.615200e-02 1.110503e+02
2.593585e-02 -1.179869e-02 9.995940e-01 2.299757e+01 6.382532e-03 -9.999080e-01 -1.196800e-02 -1.888773e+00 9.996433e-01 6.690342e-03 -2.585816e-02 1.110452e+02
2.568458e-02 -1.114857e-02 9.996079e-01 2.382005e+01 7.512467e-03 -9.999074e-01 -1.134494e-02 -1.907401e+00 9.996418e-01 7.800912e-03 -2.559845e-02 1.110331e+02
2.777668e-02 -9.914007e-03 9.995649e-01 2.466438e+01 8.810198e-03 -9.999096e-01 -1.016225e-02 -1.927236e+00 9.995753e-01 9.088639e-03 -2.768683e-02 1.110167e+02
3.249346e-02 -1.026428e-02 9.994192e-01 2.562845e+01 1.161719e-02 -9.998758e-01 -1.064667e-02 -1.952887e+00 9.994044e-01 1.195639e-02 -3.237019e-02 1.109689e+02
3.164148e-02 -8.753143e-03 9.994609e-01 2.649445e+01 1.318382e-02 -9.998710e-01 -9.174116e-03 -1.973205e+00 9.994124e-01 1.346700e-02 -3.152200e-02 1.109440e+02
3.078407e-02 -7.606150e-03 9.994971e-01 2.733747e+01 1.455777e-02 -9.998616e-01 -8.057296e-03 -1.993068e+00 9.994200e-01 1.479849e-02 -3.066908e-02 1.109179e+02
2.759887e-02 -7.125901e-03 9.995937e-01 2.815298e+01 1.431767e-02 -9.998692e-01 -7.523177e-03 -2.003578e+00 9.995165e-01 1.451949e-02 -2.749324e-02 1.109219e+02
2.628531e-02 -6.760969e-03 9.996316e-01 2.901300e+01 1.536856e-02 -9.998562e-01 -7.166605e-03 -2.022523e+00 9.995363e-01 1.555127e-02 -2.617763e-02 1.108972e+02
2.397800e-02 -6.182686e-03 9.996933e-01 2.987587e+01 1.630756e-02 -9.998454e-01 -6.574769e-03 -2.040562e+00 9.995794e-01 1.646021e-02 -2.387347e-02 1.108779e+02
2.290052e-02 -5.212943e-03 9.997241e-01 3.071485e+01 1.702916e-02 -9.998393e-01 -5.603627e-03 -2.058372e+00 9.995927e-01 1.715279e-02 -2.280807e-02 1.108492e+02
2.188384e-02 -4.107974e-03 9.997520e-01 3.155818e+01 1.765261e-02 -9.998341e-01 -4.494714e-03 -2.075361e+00 9.996047e-01 1.774660e-02 -2.180769e-02 1.108370e+02
2.467057e-02 -8.743296e-03 9.996574e-01 3.230765e+01 5.828849e-03 -9.999435e-01 -8.889648e-03 -2.122310e+00 9.996787e-01 6.046165e-03 -2.461822e-02 1.108169e+02
2.577111e-02 -7.767277e-03 9.996377e-01 3.311137e+01 6.707794e-03 -9.999460e-01 -7.942602e-03 -2.142541e+00 9.996454e-01 6.910054e-03 -2.571762e-02 1.107962e+02
2.592506e-02 -6.866470e-03 9.996403e-01 3.390925e+01 7.662953e-03 -9.999456e-01 -7.067302e-03 -2.161966e+00 9.996345e-01 7.843417e-03 -2.587103e-02 1.107835e+02
2.850091e-02 -5.976907e-03 9.995759e-01 3.472603e+01 8.591041e-03 -9.999437e-01 -6.224063e-03 -2.181446e+00 9.995568e-01 8.764788e-03 -2.844795e-02 1.107548e+02
3.235258e-02 -6.925048e-03 9.994525e-01 3.552087e+01 1.137775e-02 -9.999087e-01 -7.296510e-03 -2.200963e+00 9.994118e-01 1.160758e-02 -3.227084e-02 1.107413e+02
3.158889e-02 -6.101821e-03 9.994823e-01 3.631239e+01 1.239853e-02 -9.999020e-01 -6.496242e-03 -2.220830e+00 9.994240e-01 1.259732e-02 -3.151014e-02 1.107290e+02
3.320893e-02 -5.258645e-03 9.994346e-01 3.711739e+01 1.348018e-02 -9.998928e-01 -5.708972e-03 -2.240001e+00 9.993575e-01 1.366214e-02 -3.313448e-02 1.107173e+02
3.192687e-02 -4.370416e-03 9.994807e-01 3.791578e+01 1.449752e-02 -9.998832e-01 -4.835277e-03 -2.259037e+00 9.993851e-01 1.464437e-02 -3.185977e-02 1.107005e+02
3.738475e-02 -5.846731e-03 9.992839e-01 3.871721e+01 1.657322e-02 -9.998417e-01 -6.470026e-03 -2.285951e+00 9.991635e-01 1.680323e-02 -3.728193e-02 1.106453e+02
3.987882e-02 -5.058351e-03 9.991918e-01 3.949540e+01 1.746856e-02 -9.998308e-01 -5.758775e-03 -2.306328e+00 9.990518e-01 1.768409e-02 -3.978371e-02 1.106044e+02
4.304184e-02 -4.296455e-03 9.990641e-01 4.025218e+01 1.828800e-02 -9.998198e-01 -5.087592e-03 -2.325701e+00 9.989059e-01 1.848987e-02 -4.295552e-02 1.105782e+02
4.511261e-02 -3.518295e-03 9.989758e-01 4.100435e+01 1.905841e-02 -9.998088e-01 -4.381885e-03 -2.344400e+00 9.988001e-01 1.923656e-02 -4.503692e-02 1.105464e+02
4.827010e-02 -5.413494e-03 9.988196e-01 4.176128e+01 1.600660e-02 -9.998527e-01 -6.192646e-03 -2.362167e+00 9.987060e-01 1.628662e-02 -4.817633e-02 1.105115e+02
5.081268e-02 -4.643505e-03 9.986974e-01 4.250442e+01 1.665256e-02 -9.998462e-01 -5.496112e-03 -2.381326e+00 9.985694e-01 1.691014e-02 -5.072754e-02 1.104917e+02
5.354375e-02 -3.864835e-03 9.985580e-01 4.323508e+01 1.732175e-02 -9.998384e-01 -4.798602e-03 -2.399744e+00 9.984152e-01 1.755371e-02 -5.346816e-02 1.104771e+02
5.479678e-02 -3.039092e-03 9.984929e-01 4.397112e+01 1.800941e-02 -9.998297e-01 -4.031508e-03 -2.417756e+00 9.983351e-01 1.820318e-02 -5.473271e-02 1.104540e+02
5.055454e-02 -2.210741e-03 9.987189e-01 4.473453e+01 1.600337e-02 -9.998674e-01 -3.023364e-03 -2.424057e+00 9.985930e-01 1.613571e-02 -5.051246e-02 1.104025e+02
4.961647e-02 -1.602750e-03 9.987671e-01 4.543168e+01 1.663361e-02 -9.998587e-01 -2.430822e-03 -2.441139e+00 9.986298e-01 1.673371e-02 -4.958280e-02 1.103671e+02
4.891500e-02 -1.166874e-03 9.988022e-01 4.613046e+01 1.724366e-02 -9.998493e-01 -2.012582e-03 -2.457798e+00 9.986541e-01 1.732145e-02 -4.888751e-02 1.103370e+02
4.878658e-02 -8.338288e-04 9.988089e-01 4.682832e+01 1.786949e-02 -9.998389e-01 -1.707520e-03 -2.473949e+00 9.986494e-01 1.793151e-02 -4.876382e-02 1.103068e+02
5.233737e-02 -6.183495e-03 9.986103e-01 4.753090e+01 1.686789e-02 -9.998327e-01 -7.075113e-03 -2.499695e+00 9.984870e-01 1.721474e-02 -5.222432e-02 1.102741e+02
5.299771e-02 -5.872749e-03 9.985774e-01 4.821443e+01 1.739764e-02 -9.998255e-01 -6.803438e-03 -2.519249e+00 9.984431e-01 1.773345e-02 -5.288629e-02 1.102358e+02
5.316288e-02 -5.536257e-03 9.985706e-01 4.889288e+01 1.782893e-02 -9.998200e-01 -6.492378e-03 -2.538140e+00 9.984267e-01 1.814860e-02 -5.305460e-02 1.102076e+02
5.356795e-02 -8.124531e-03 9.985311e-01 4.959623e+01 1.500701e-02 -9.998474e-01 -8.940318e-03 -2.552400e+00 9.984515e-01 1.546389e-02 -5.343786e-02 1.101581e+02
5.465031e-02 -7.782888e-03 9.984752e-01 5.026917e+01 1.566641e-02 -9.998398e-01 -8.651007e-03 -2.572664e+00 9.983826e-01 1.611530e-02 -5.451962e-02 1.101241e+02
5.560955e-02 -7.391456e-03 9.984252e-01 5.092757e+01 1.619081e-02 -9.998344e-01 -8.303672e-03 -2.592583e+00 9.983213e-01 1.662707e-02 -5.548067e-02 1.100799e+02
5.758903e-02 -6.954688e-03 9.983161e-01 5.160427e+01 1.674554e-02 -9.998283e-01 -7.931208e-03 -2.612126e+00 9.981999e-01 1.717409e-02 -5.746268e-02 1.100457e+02
6.012601e-02 -6.488432e-03 9.981697e-01 5.227206e+01 1.736644e-02 -9.998208e-01 -7.545253e-03 -2.631540e+00 9.980397e-01 1.778832e-02 -6.000255e-02 1.100039e+02
5.832712e-02 -6.048949e-03 9.982792e-01 5.299032e+01 1.897117e-02 -9.997943e-01 -7.166571e-03 -2.638998e+00 9.981173e-01 1.935653e-02 -5.820038e-02 1.100200e+02
6.263169e-02 -5.761168e-03 9.980201e-01 5.364821e+01 1.952749e-02 -9.997849e-01 -6.996822e-03 -2.657658e+00 9.978456e-01 1.992705e-02 -6.250571e-02 1.099836e+02
6.889587e-02 -5.602730e-03 9.976081e-01 5.433833e+01 2.002873e-02 -9.997749e-01 -6.998104e-03 -2.676397e+00 9.974228e-01 2.046297e-02 -6.876814e-02 1.099392e+02
7.942867e-02 -1.161541e-02 9.967729e-01 5.499068e+01 1.990619e-02 -9.997143e-01 -1.323593e-02 -2.693099e+00 9.966418e-01 2.089326e-02 -7.917475e-02 1.098717e+02
8.461968e-02 -1.148969e-02 9.963471e-01 5.565919e+01 2.052757e-02 -9.997012e-01 -1.327177e-02 -2.715580e+00 9.962018e-01 2.157564e-02 -8.435854e-02 1.098054e+02
9.133416e-02 -1.131178e-02 9.957561e-01 5.634324e+01 2.106660e-02 -9.996898e-01 -1.328877e-02 -2.737633e+00 9.955974e-01 2.219091e-02 -9.106752e-02 1.097557e+02
9.819732e-02 -1.108290e-02 9.951053e-01 5.701908e+01 2.158038e-02 -9.996791e-01 -1.326340e-02 -2.760173e+00 9.949329e-01 2.277718e-02 -9.792664e-02 1.096884e+02
1.031412e-01 -1.092519e-02 9.946067e-01 5.769610e+01 3.029526e-02 -9.994413e-01 -1.411993e-02 -2.755616e+00 9.942052e-01 3.158822e-02 -1.027526e-01 1.096503e+02
1.083124e-01 -1.047457e-02 9.940617e-01 5.837265e+01 3.090742e-02 -9.994256e-01 -1.389874e-02 -2.778233e+00 9.936363e-01 3.222929e-02 -1.079264e-01 1.095860e+02
1.108470e-01 -9.827456e-03 9.937888e-01 5.904622e+01 3.152258e-02 -9.994133e-01 -1.339910e-02 -2.800281e+00 9.933374e-01 3.281204e-02 -1.104721e-01 1.095256e+02
1.142394e-01 -8.975070e-03 9.934127e-01 5.973046e+01 3.236722e-02 -9.993947e-01 -1.275124e-02 -2.822307e+00 9.929258e-01 3.361070e-02 -1.138797e-01 1.094627e+02
1.176480e-01 -8.090393e-03 9.930223e-01 6.041416e+01 3.325000e-02 -9.993740e-01 -1.208142e-02 -2.844038e+00 9.924986e-01 3.443935e-02 -1.173053e-01 1.093976e+02
1.128463e-01 -1.007296e-03 9.936119e-01 6.124381e+01 2.907520e-02 -9.995679e-01 -4.315456e-03 -2.820838e+00 9.931869e-01 2.937645e-02 -1.127682e-01 1.093077e+02
1.130229e-01 -5.413430e-04 9.935921e-01 6.193594e+01 2.963393e-02 -9.995531e-01 -3.915504e-03 -2.837063e+00 9.931504e-01 2.988658e-02 -1.129564e-01 1.092193e+02
1.136726e-01 -2.894384e-04 9.935182e-01 6.264717e+01 2.981007e-02 -9.995487e-01 -3.701890e-03 -2.852951e+00 9.930709e-01 3.003765e-02 -1.136126e-01 1.091363e+02
1.125507e-01 -1.196499e-02 9.935739e-01 6.352888e+01 1.731086e-02 -9.997522e-01 -1.400034e-02 -2.876935e+00 9.934952e-01 1.877537e-02 -1.123157e-01 1.090197e+02
1.124948e-01 -1.162377e-02 9.935843e-01 6.426270e+01 1.756216e-02 -9.997521e-01 -1.368434e-02 -2.899539e+00 9.934971e-01 1.898890e-02 -1.122628e-01 1.089374e+02
1.128499e-01 -1.109200e-02 9.935501e-01 6.500188e+01 1.778499e-02 -9.997550e-01 -1.318134e-02 -2.921196e+00 9.934528e-01 1.915780e-02 -1.126250e-01 1.088665e+02
1.122185e-01 -1.047317e-02 9.936283e-01 6.573947e+01 1.773084e-02 -9.997641e-01 -1.254033e-02 -2.942696e+00 9.935253e-01 1.902512e-02 -1.120064e-01 1.087879e+02
1.132853e-01 -4.756417e-03 9.935511e-01 6.651346e+01 1.319731e-02 -9.998931e-01 -6.291543e-03 -2.932873e+00 9.934748e-01 1.382494e-02 -1.132104e-01 1.086889e+02
1.151465e-01 -4.157585e-03 9.933398e-01 6.725895e+01 1.318526e-02 -9.998968e-01 -5.713444e-03 -2.949632e+00 9.932610e-01 1.375532e-02 -1.150798e-01 1.086094e+02
1.154994e-01 -3.610421e-03 9.933010e-01 6.798502e+01 1.319949e-02 -9.998995e-01 -5.169220e-03 -2.965991e+00 9.932198e-01 1.370811e-02 -1.154401e-01 1.085333e+02
1.167441e-01 -3.060450e-03 9.931573e-01 6.870638e+01 1.323010e-02 -9.999018e-01 -4.636412e-03 -2.982044e+00 9.930739e-01 1.368084e-02 -1.166922e-01 1.084471e+02
1.207793e-01 -6.095415e-03 9.926607e-01 6.948566e+01 1.387329e-02 -9.998731e-01 -7.827698e-03 -3.000600e+00 9.925824e-01 1.471689e-02 -1.206794e-01 1.083646e+02
1.218639e-01 -5.431170e-03 9.925320e-01 7.023061e+01 1.399032e-02 -9.998763e-01 -7.189102e-03 -3.019004e+00 9.924482e-01 1.476193e-02 -1.217729e-01 1.082962e+02
1.237290e-01 -4.803562e-03 9.923044e-01 7.097495e+01 1.412581e-02 -9.998784e-01 -6.601554e-03 -3.036771e+00 9.922155e-01 1.483391e-02 -1.236461e-01 1.082261e+02
1.242176e-01 -4.231940e-03 9.922460e-01 7.171260e+01 1.433957e-02 -9.998788e-01 -6.059641e-03 -3.054384e+00 9.921514e-01 1.498110e-02 -1.241418e-01 1.081539e+02
1.270297e-01 -6.375470e-03 9.918784e-01 7.246494e+01 1.717036e-02 -9.998154e-01 -8.625492e-03 -3.074050e+00 9.917503e-01 1.812660e-02 -1.268968e-01 1.080070e+02
1.275502e-01 -5.900376e-03 9.918146e-01 7.322132e+01 1.742765e-02 -9.998146e-01 -8.189217e-03 -3.092376e+00 9.916790e-01 1.832954e-02 -1.274238e-01 1.079284e+02
1.279069e-01 -5.361960e-03 9.917717e-01 7.397567e+01 1.761477e-02 -9.998153e-01 -7.677191e-03 -3.110365e+00 9.916298e-01 1.845180e-02 -1.277888e-01 1.078522e+02
1.289769e-01 -4.720570e-03 9.916365e-01 7.473421e+01 1.786496e-02 -9.998153e-01 -7.083104e-03 -3.127929e+00 9.914867e-01 1.862910e-02 -1.288687e-01 1.077736e+02
1.314304e-01 -3.274828e-03 9.913200e-01 7.555890e+01 1.994375e-02 -9.997834e-01 -5.946952e-03 -3.133743e+00 9.911248e-01 2.055224e-02 -1.313366e-01 1.076147e+02
