-1.000000e+00 3.410605e-13 0.000000e+00 -9.313226e-10 2.273737e-13 -1.000000e+00 -1.455192e-11 2.910383e-11 0.000000e+00 -1.455192e-11 1.000000e+00 0.000000e+00
-9.999731e-01 2.557726e-04 7.338815e-03 4.715938e-05 -2.550497e-04 -9.999999e-01 9.943192e-05 -4.724052e-04 7.338841e-03 9.755752e-05 9.999732e-01 2.836787e-01
-9.999050e-01 6.250868e-04 1.377650e-02 -1.004549e-02 -6.232717e-04 -9.999998e-01 1.360414e-04 -1.061510e-03 1.377658e-02 1.274420e-04 9.999052e-01 5.894262e-01
-9.998847e-01 1.044724e-03 1.515690e-02 -1.510070e-02 -1.043304e-03 -9.999995e-01 1.016073e-04 -1.654262e-03 1.515700e-02 8.578233e-05 9.998852e-01 8.752720e-01
-9.999107e-01 1.579784e-03 1.327876e-02 -1.298048e-02 -1.580046e-03 -9.999988e-01 -9.306816e-06 -2.161170e-03 1.327873e-02 -3.028704e-05 9.999119e-01 1.182222e+00
-9.999797e-01 2.170795e-03 6.010431e-03 -1.845397e-02 -2.172042e-03 -9.999976e-01 -2.010744e-04 -3.007813e-03 6.009980e-03 -2.141252e-04 9.999820e-01 1.521251e+00
-9.998055e-01 1.013002e-02 -1.693061e-02 -2.925468e-02 -1.005696e-02 -9.999397e-01 -4.394840e-03 -1.471912e-02 -1.697411e-02 -4.223714e-03 9.998471e-01 1.916461e+00
-9.994307e-01 1.045265e-02 -3.208092e-02 -6.948473e-02 -1.030617e-02 -9.999357e-01 -4.727774e-03 -1.772015e-02 -3.212827e-02 -4.394451e-03 9.994742e-01 2.260303e+00
-9.986525e-01 1.058775e-02 -5.080692e-02 -9.470087e-02 -1.034002e-02 -9.999334e-01 -5.136332e-03 -2.080009e-02 -5.085792e-02 -4.604066e-03 9.986954e-01 2.616144e+00
-9.964260e-01 2.636818e-03 -8.442953e-02 -1.313654e-01 -2.001771e-03 -9.999691e-01 -7.605391e-03 -3.682886e-02 -8.444697e-02 -7.409201e-03 9.964005e-01 2.918284e+00
-9.943854e-01 2.804046e-03 -1.057829e-01 -1.800507e-01 -1.986799e-03 -9.999674e-01 -7.830280e-03 -4.113525e-02 -1.058014e-01 -7.576147e-03 9.943585e-01 3.310487e+00
-9.919964e-01 3.042637e-03 -1.262303e-01 -2.409575e-01 -2.048738e-03 -9.999658e-01 -8.002776e-03 -4.560937e-02 -1.262504e-01 -7.680112e-03 9.919688e-01 3.691072e+00
-9.890786e-01 3.204116e-03 -1.473549e-01 -3.149540e-01 -2.027415e-03 -9.999649e-01 -8.134988e-03 -5.016947e-02 -1.473758e-01 -7.747393e-03 9.890503e-01 4.069922e+00
-9.863445e-01 3.305493e-03 -1.646629e-01 -3.836992e-01 -1.979808e-03 -9.999643e-01 -8.214374e-03 -5.501099e-02 -1.646842e-01 -7.776202e-03 9.863158e-01 4.465024e+00
-9.840924e-01 4.178735e-03 -1.776089e-01 -4.465056e-01 -3.127723e-03 -9.999759e-01 -6.197134e-03 -5.919642e-02 -1.776305e-01 -5.543042e-03 9.840817e-01 4.855860e+00
-9.812041e-01 4.310831e-03 -1.929252e-01 -5.461374e-01 -3.149223e-03 -9.999750e-01 -6.327287e-03 -6.361537e-02 -1.929477e-01 -5.600795e-03 9.811932e-01 5.264710e+00
-9.781692e-01 4.575046e-03 -2.077602e-01 -6.437630e-01 -3.290327e-03 -9.999732e-01 -6.528808e-03 -6.838612e-02 -2.077845e-01 -5.702680e-03 9.781581e-01 5.700799e+00
-9.749959e-01 4.790786e-03 -2.221717e-01 -7.454517e-01 -3.361534e-03 -9.999712e-01 -6.810795e-03 -7.313205e-02 -2.221979e-01 -5.893659e-03 9.749839e-01 6.130343e+00
-9.752418e-01 7.366333e-03 -2.210188e-01 -8.515825e-01 -5.490771e-03 -9.999436e-01 -9.099167e-03 -8.877175e-02 -2.210733e-01 -7.660324e-03 9.752272e-01 6.670172e+00
-9.732284e-01 7.558675e-03 -2.297164e-01 -9.576175e-01 -5.511129e-03 -9.999392e-01 -9.553644e-03 -9.454129e-02 -2.297746e-01 -8.031880e-03 9.732108e-01 7.128706e+00
-9.713342e-01 7.927023e-03 -2.375863e-01 -1.102066e+00 -5.696625e-03 -9.999331e-01 -1.007283e-02 -1.011641e-01 -2.376502e-01 -8.430642e-03 9.713143e-01 7.641469e+00
-9.694753e-01 8.567661e-03 -2.450397e-01 -1.249897e+00 -6.152391e-03 -9.999247e-01 -1.062042e-02 -1.083756e-01 -2.451122e-01 -8.788659e-03 9.694550e-01 8.171365e+00
-9.705800e-01 1.206054e-02 -2.404768e-01 -1.326620e+00 -8.024409e-03 -9.998102e-01 -1.775607e-02 -1.226289e-01 -2.406453e-01 -1.530400e-02 9.704926e-01 8.727441e+00
-9.687257e-01 1.248822e-02 -2.478200e-01 -1.472810e+00 -8.137224e-03 -9.997944e-01 -1.857360e-02 -1.338943e-01 -2.480010e-01 -1.597616e-02 9.686282e-01 9.254393e+00
-9.666091e-01 1.275328e-02 -2.559384e-01 -1.642318e+00 -8.024473e-03 -9.997775e-01 -1.951218e-02 -1.460845e-01 -2.561303e-01 -1.680688e-02 9.664962e-01 9.796046e+00
-9.641626e-01 1.314930e-02 -2.649861e-01 -1.796489e+00 -8.003057e-03 -9.997580e-01 -2.049115e-02 -1.591952e-01 -2.651914e-01 -1.763610e-02 9.640346e-01 1.036467e+01
-9.614153e-01 1.166657e-02 -2.748539e-01 -1.943821e+00 -3.821391e-03 -9.995704e-01 -2.906130e-02 -1.865926e-01 -2.750749e-01 -2.688965e-02 9.610468e-01 1.096589e+01
-9.589548e-01 1.210679e-02 -2.833007e-01 -2.141027e+00 -3.718364e-03 -9.995392e-01 -3.012867e-02 -2.060183e-01 -2.835349e-01 -2.783862e-02 9.585578e-01 1.153140e+01
-9.560825e-01 1.249582e-02 -2.928318e-01 -2.326746e+00 -3.469445e-03 -9.995033e-01 -3.132357e-02 -2.267121e-01 -2.930778e-01 -2.893195e-02 9.556508e-01 1.212785e+01
-9.543395e-01 1.525820e-02 -2.983347e-01 -2.522657e+00 -3.949036e-03 -9.992518e-01 -3.847377e-02 -2.572004e-01 -2.986985e-01 -3.553890e-02 9.536856e-01 1.265585e+01
-9.523273e-01 1.571392e-02 -3.046738e-01 -2.745238e+00 -3.648134e-03 -9.991878e-01 -4.013123e-02 -2.837779e-01 -3.050570e-01 -3.710658e-02 9.516110e-01 1.324658e+01
-9.504962e-01 1.616696e-02 -3.103158e-01 -2.957665e+00 -3.249766e-03 -9.991082e-01 -4.209793e-02 -3.116966e-01 -3.107196e-01 -3.900547e-02 9.497010e-01 1.385054e+01
-9.497099e-01 1.661115e-02 -3.126906e-01 -3.179958e+00 -2.861890e-03 -9.990107e-01 -4.437854e-02 -3.426658e-01 -3.131185e-01 -4.125185e-02 9.488178e-01 1.449491e+01
-9.489298e-01 1.702032e-02 -3.150284e-01 -3.415184e+00 -2.320124e-03 -9.988931e-01 -4.697940e-02 -3.775483e-01 -3.154793e-01 -4.384925e-02 9.479189e-01 1.519195e+01
-9.476846e-01 1.882316e-02 -3.186532e-01 -3.610873e+00 4.069996e-03 -9.974662e-01 -7.102559e-02 -4.606295e-01 -3.191828e-01 -6.860676e-02 9.452066e-01 1.584356e+01
-9.467964e-01 1.910955e-02 -3.212654e-01 -3.886429e+00 4.989365e-03 -9.972441e-01 -7.402226e-02 -5.157611e-01 -3.217946e-01 -7.168693e-02 9.440919e-01 1.653803e+01
-9.456283e-01 1.935052e-02 -3.246737e-01 -4.122303e+00 6.086222e-03 -9.970012e-01 -7.714757e-02 -5.705001e-01 -3.251929e-01 -7.492895e-02 9.426746e-01 1.720733e+01
-9.441153e-01 1.947619e-02 -3.290397e-01 -4.362844e+00 7.446331e-03 -9.967378e-01 -8.036373e-02 -6.281361e-01 -3.295315e-01 -7.832278e-02 9.408904e-01 1.788229e+01
-9.395142e-01 1.409808e-02 -3.422201e-01 -4.632868e+00 2.142736e-02 -9.947761e-01 -9.980633e-02 -7.087117e-01 -3.418395e-01 -1.011023e-01 9.343041e-01 1.842520e+01
-9.376831e-01 1.410896e-02 -3.472053e-01 -4.885396e+00 2.311090e-02 -9.944310e-01 -1.028242e-01 -7.842329e-01 -3.467225e-01 -1.044407e-01 9.321350e-01 1.911124e+01
-9.357628e-01 1.408144e-02 -3.523491e-01 -5.161560e+00 2.481143e-02 -9.940968e-01 -1.056223e-01 -8.647839e-01 -3.517564e-01 -1.075797e-01 9.298894e-01 1.981774e+01
-9.333449e-01 1.407795e-02 -3.587051e-01 -5.456261e+00 2.658031e-02 -9.937776e-01 -1.081639e-01 -9.512439e-01 -3.579958e-01 -1.104887e-01 9.271631e-01 2.055381e+01
-9.317099e-01 8.553023e-03 -3.631028e-01 -5.708409e+00 3.263964e-02 -9.937060e-01 -1.071594e-01 -1.037133e+00 -3.617339e-01 -1.116930e-01 9.255666e-01 2.134841e+01
-9.293578e-01 8.493784e-03 -3.690828e-01 -5.986066e+00 3.427334e-02 -9.934328e-01 -1.091630e-01 -1.125068e+00 -3.675862e-01 -1.141012e-01 9.229634e-01 2.208381e+01
-9.260038e-01 8.332791e-03 -3.774225e-01 -6.310063e+00 3.617583e-02 -9.931970e-01 -1.106851e-01 -1.215118e+00 -3.757772e-01 -1.161484e-01 9.194026e-01 2.281918e+01
-9.233346e-01 8.093964e-03 -3.839112e-01 -6.604752e+00 3.782817e-02 -9.929975e-01 -1.119148e-01 -1.306754e+00 -3.821287e-01 -1.178575e-01 9.165629e-01 2.355701e+01
-9.190059e-01 4.992046e-03 -3.942127e-01 -6.954684e+00 3.438094e-02 -9.950956e-01 -9.275158e-02 -1.343848e+00 -3.927423e-01 -9.879263e-02 9.143269e-01 2.430570e+01
-9.158794e-01 4.530669e-03 -4.014280e-01 -7.273296e+00 3.608151e-02 -9.949605e-01 -9.355139e-02 -1.424594e+00 -3.998289e-01 -1.001659e-01 9.111003e-01 2.506741e+01
-9.124041e-01 4.098958e-03 -4.092703e-01 -7.617203e+00 3.779818e-02 -9.948328e-01 -9.422868e-02 -1.508867e+00 -4.075418e-01 -1.014443e-01 9.075345e-01 2.585365e+01
-9.085472e-01 3.657770e-03 -4.177665e-01 -7.981948e+00 3.957550e-02 -9.947116e-01 -9.477694e-02 -1.592368e+00 -4.159038e-01 -1.026426e-01 9.035976e-01 2.662446e+01
-9.022045e-01 -2.163481e-03 -4.313034e-01 -8.437999e+00 4.035481e-02 -9.960243e-01 -7.941835e-02 -1.626283e+00 -4.294169e-01 -8.905676e-02 8.987047e-01 2.737227e+01
-8.981313e-01 -2.571055e-03 -4.397200e-01 -8.828657e+00 4.185504e-02 -9.959426e-01 -7.966593e-02 -1.698734e+00 -4.377310e-01 -8.995496e-02 8.945948e-01 2.815184e+01
-8.947129e-01 -3.000462e-03 -4.466319e-01 -9.211596e+00 4.314277e-02 -9.958821e-01 -7.973521e-02 -1.774528e+00 -4.445534e-01 -9.060905e-02 8.911579e-01 2.895915e+01
-8.910363e-01 -3.475096e-03 -4.539189e-01 -9.643041e+00 4.437428e-02 -9.958481e-01 -7.948210e-02 -1.850685e+00 -4.517581e-01 -9.096377e-02 8.874910e-01 2.976977e+01
-8.863529e-01 -4.172334e-03 -4.629917e-01 -1.006031e+01 4.035163e-02 -9.968508e-01 -6.826599e-02 -1.880113e+00 -4.612488e-01 -7.919022e-02 8.837299e-01 3.050727e+01
-8.828630e-01 -4.706786e-03 -4.696071e-01 -1.051379e+01 4.135607e-02 -9.968442e-01 -6.775838e-02 -1.947800e+00 -4.678062e-01 -7.924248e-02 8.802717e-01 3.132904e+01
-8.789608e-01 -5.217355e-03 -4.768657e-01 -1.096017e+01 4.236159e-02 -9.968415e-01 -6.717467e-02 -2.014313e+00 -4.750091e-01 -7.924470e-02 8.764057e-01 3.213792e+01
-8.749095e-01 -5.677109e-03 -4.842534e-01 -1.141719e+01 4.327621e-02 -9.968475e-01 -6.650144e-02 -2.083568e+00 -4.823492e-01 -7.913939e-02 8.723969e-01 3.298740e+01
-8.713807e-01 -4.273445e-03 -4.905890e-01 -1.186685e+01 3.565102e-02 -9.978700e-01 -5.463080e-02 -2.106837e+00 -4.893106e-01 -6.509422e-02 8.696770e-01 3.387334e+01
-8.679242e-01 -4.591526e-03 -4.966756e-01 -1.234422e+01 3.619623e-02 -9.978833e-01 -5.402676e-02 -2.166599e+00 -4.953762e-01 -6.486893e-02 8.662532e-01 3.475621e+01
-8.656268e-01 -4.903872e-03 -5.006661e-01 -1.283002e+01 3.661807e-02 -9.978942e-01 -5.353676e-02 -2.226519e+00 -4.993493e-01 -6.467628e-02 8.639835e-01 3.564341e+01
-8.627516e-01 -5.388405e-03 -5.055994e-01 -1.335163e+01 3.730745e-02 -9.978960e-01 -5.302617e-02 -2.285574e+00 -5.042499e-01 -6.461103e-02 8.611374e-01 3.652112e+01
-8.650932e-01 -1.502804e-03 -5.016090e-01 -1.386143e+01 3.188609e-02 -9.981378e-01 -5.200153e-02 -2.322961e+00 -5.005969e-01 -6.098052e-02 8.635302e-01 3.725240e+01
-8.638480e-01 -2.030713e-03 -5.037487e-01 -1.437422e+01 3.238261e-02 -9.981475e-01 -5.150723e-02 -2.381808e+00 -5.027109e-01 -6.080712e-02 8.623134e-01 3.815039e+01
-8.635498e-01 -2.525347e-03 -5.042574e-01 -1.489194e+01 3.274368e-02 -9.981579e-01 -5.107531e-02 -2.439580e+00 -5.031996e-01 -6.061731e-02 8.620417e-01 3.903705e+01
-8.634100e-01 -2.934009e-03 -5.044945e-01 -1.540161e+01 3.302451e-02 -9.981670e-01 -5.071425e-02 -2.496738e+00 -5.034211e-01 -6.044788e-02 8.619244e-01 3.991991e+01
-8.660648e-01 2.159410e-04 -4.999319e-01 -1.592408e+01 2.813850e-02 -9.983937e-01 -4.917740e-02 -2.536692e+00 -4.991395e-01 -5.665815e-02 8.646674e-01 4.079439e+01
-8.652810e-01 -1.048796e-04 -5.012873e-01 -1.647194e+01 2.836424e-02 -9.984081e-01 -4.875115e-02 -2.592108e+00 -5.004842e-01 -5.640208e-02 8.639066e-01 4.168250e+01
-8.633566e-01 -4.668384e-04 -5.045943e-01 -1.704246e+01 2.865212e-02 -9.984316e-01 -4.809982e-02 -2.650575e+00 -5.037804e-01 -5.598500e-02 8.620158e-01 4.262981e+01
-8.623827e-01 -8.489240e-04 -5.062566e-01 -1.760868e+01 2.876463e-02 -9.984654e-01 -4.732480e-02 -2.705637e+00 -5.054395e-01 -5.537437e-02 8.610835e-01 4.352307e+01
-8.584356e-01 3.361356e-03 -5.129106e-01 -1.806177e+01 2.247839e-02 -9.987713e-01 -4.416652e-02 -2.754479e+00 -5.124288e-01 -4.944352e-02 8.573052e-01 4.435628e+01
-8.542992e-01 3.225981e-03 -5.197716e-01 -1.863845e+01 2.261334e-02 -9.988033e-01 -4.336650e-02 -2.805507e+00 -5.192895e-01 -4.880174e-02 8.532040e-01 4.523416e+01
-8.489249e-01 3.227417e-03 -5.285038e-01 -1.918096e+01 2.278044e-02 -9.988286e-01 -4.269131e-02 -2.855627e+00 -5.280225e-01 -4.828127e-02 8.478569e-01 4.610076e+01
-8.427542e-01 3.196342e-03 -5.382894e-01 -1.977886e+01 2.304086e-02 -9.988517e-01 -4.200428e-02 -2.907787e+00 -5.378055e-01 -4.780193e-02 8.417128e-01 4.701577e+01
-8.310156e-01 1.137832e-02 -5.561329e-01 -2.044238e+01 1.501546e-02 -9.989675e-01 -4.287582e-02 -2.977427e+00 -5.560465e-01 -4.398106e-02 8.299869e-01 4.806768e+01
-8.273599e-01 1.089371e-02 -5.615667e-01 -2.104023e+01 1.529577e-02 -9.990041e-01 -4.191484e-02 -3.032870e+00 -5.614640e-01 -4.326825e-02 8.263693e-01 4.902205e+01
-8.244291e-01 1.038584e-02 -5.658702e-01 -2.167993e+01 1.562303e-02 -9.990330e-01 -4.109755e-02 -3.085238e+00 -5.657498e-01 -4.272262e-02 8.234696e-01 4.991479e+01
-8.204657e-01 9.987728e-03 -5.716086e-01 -2.230375e+01 1.604164e-02 -9.990515e-01 -4.048201e-02 -3.134598e+00 -5.714707e-01 -4.238365e-02 8.195273e-01 5.075295e+01
-8.140044e-01 4.825197e-03 -5.808388e-01 -2.289372e+01 1.883237e-02 -9.992206e-01 -3.469305e-02 -3.157686e+00 -5.805535e-01 -3.917887e-02 8.132791e-01 5.146024e+01
-8.113352e-01 4.512084e-03 -5.845640e-01 -2.350964e+01 1.931758e-02 -9.992172e-01 -3.452417e-02 -3.202689e+00 -5.842622e-01 -3.930303e-02 8.106129e-01 5.233127e+01
-8.100302e-01 4.093696e-03 -5.863740e-01 -2.414182e+01 1.971430e-02 -9.992203e-01 -3.420971e-02 -3.247596e+00 -5.860568e-01 -3.927086e-02 8.093179e-01 5.319321e+01
-8.061758e-01 3.519176e-03 -5.916659e-01 -2.478545e+01 2.024489e-02 -9.992327e-01 -3.352807e-02 -3.293156e+00 -5.913299e-01 -3.900772e-02 8.054860e-01 5.407298e+01
-8.027721e-01 7.947355e-03 -5.962331e-01 -2.538559e+01 2.227449e-02 -9.988136e-01 -4.330398e-02 -3.400645e+00 -5.958699e-01 -4.804401e-02 8.016427e-01 5.496983e+01
-8.004894e-01 7.134729e-03 -5.993046e-01 -2.602004e+01 2.296961e-02 -9.988294e-01 -4.257152e-02 -3.455312e+00 -5.989068e-01 -4.784385e-02 7.993884e-01 5.581176e+01
-7.965426e-01 6.410517e-03 -6.045485e-01 -2.669380e+01 2.375960e-02 -9.988394e-01 -4.189674e-02 -3.510112e+00 -6.041154e-01 -4.773637e-02 7.954659e-01 5.666710e+01
-7.922655e-01 5.824564e-03 -6.101488e-01 -2.739959e+01 2.449510e-02 -9.988448e-01 -4.134149e-02 -3.566698e+00 -6.096847e-01 -4.769909e-02 7.912077e-01 5.756207e+01
-7.897102e-01 3.976828e-03 -6.134675e-01 -2.810236e+01 2.363971e-02 -9.990391e-01 -3.690747e-02 -3.591658e+00 -6.130246e-01 -4.364840e-02 7.888573e-01 5.842120e+01
-7.896969e-01 3.441402e-03 -6.134878e-01 -2.875448e+01 2.402506e-02 -9.990438e-01 -3.652987e-02 -3.642328e+00 -6.130269e-01 -4.358660e-02 7.888590e-01 5.930424e+01
-7.885429e-01 2.960092e-03 -6.149729e-01 -2.940664e+01 2.439727e-02 -9.990506e-01 -3.609196e-02 -3.690228e+00 -6.144959e-01 -4.346371e-02 7.877220e-01 6.013038e+01
-7.854638e-01 2.570039e-03 -6.189024e-01 -3.011196e+01 2.480150e-02 -9.990574e-01 -3.562483e-02 -3.738819e+00 -6.184106e-01 -4.333172e-02 7.846597e-01 6.097832e+01
-7.743050e-01 9.299607e-03 -6.327445e-01 -3.082600e+01 1.942747e-02 -9.990714e-01 -3.845747e-02 -3.797826e+00 -6.325146e-01 -4.207043e-02 7.734053e-01 6.171576e+01
-7.699533e-01 9.076110e-03 -6.380360e-01 -3.148558e+01 1.979088e-02 -9.990781e-01 -3.809472e-02 -3.848563e+00 -6.377935e-01 -4.195844e-02 7.690638e-01 6.253951e+01
-7.657876e-01 8.902653e-03 -6.430321e-01 -3.217281e+01 2.013280e-02 -9.990822e-01 -3.780827e-02 -3.898253e+00 -6.427785e-01 -4.189914e-02 7.649055e-01 6.333629e+01
-7.637900e-01 8.858049e-03 -6.454043e-01 -3.287597e+01 2.024521e-02 -9.990851e-01 -3.767101e-02 -3.949151e+00 -6.451474e-01 -4.183909e-02 7.629118e-01 6.416174e+01
-7.533421e-01 1.296181e-02 -6.575011e-01 -3.367700e+01 1.958758e-02 -9.989199e-01 -4.213523e-02 -4.027303e+00 -6.573371e-01 -4.462111e-02 7.522746e-01 6.501765e+01
-7.492036e-01 1.289680e-02 -6.622145e-01 -3.442990e+01 1.980686e-02 -9.989270e-01 -4.186307e-02 -4.083461e+00 -6.620438e-01 -4.448034e-02 7.481441e-01 6.582998e+01
-7.439407e-01 1.292272e-02 -6.681209e-01 -3.516470e+01 1.994371e-02 -9.989383e-01 -4.152832e-02 -4.138771e+00 -6.679481e-01 -4.421941e-02 7.428931e-01 6.663332e+01
-7.399263e-01 1.291975e-02 -6.725639e-01 -3.590919e+01 2.005981e-02 -9.989471e-01 -4.125844e-02 -4.194896e+00 -6.723889e-01 -4.401971e-02 7.388882e-01 6.745064e+01
-7.281100e-01 1.731655e-02 -6.852416e-01 -3.673610e+01 1.498240e-02 -9.990400e-01 -4.116616e-02 -4.242233e+00 -6.852966e-01 -4.024006e-02 7.271516e-01 6.820454e+01
-7.217875e-01 1.736105e-02 -6.918972e-01 -3.747382e+01 1.523393e-02 -9.990447e-01 -4.096002e-02 -4.297236e+00 -6.919472e-01 -4.010474e-02 7.208334e-01 6.900052e+01
-7.157666e-01 1.732088e-02 -6.981249e-01 -3.819999e+01 1.552240e-02 -9.990507e-01 -4.070167e-02 -4.352756e+00 -6.981671e-01 -3.996947e-02 7.148183e-01 6.981426e+01
-7.102242e-01 1.720717e-02 -7.037654e-01 -3.897789e+01 1.588035e-02 -9.990553e-01 -4.045314e-02 -4.408388e+00 -7.037966e-01 -3.990683e-02 7.092799e-01 7.060586e+01
-6.941552e-01 1.902886e-02 -7.195740e-01 -3.991205e+01 1.635486e-02 -9.989756e-01 -4.219465e-02 -4.476470e+00 -7.196398e-01 -4.105816e-02 6.931328e-01 7.148176e+01
-6.870118e-01 1.901776e-02 -7.263975e-01 -4.076067e+01 1.682702e-02 -9.989731e-01 -4.206869e-02 -4.533986e+00 -7.264515e-01 -4.112479e-02 6.859862e-01 7.223518e+01
-6.818927e-01 1.913325e-02 -7.312021e-01 -4.167218e+01 1.710598e-02 -9.989673e-01 -4.209223e-02 -4.591724e+00 -7.312524e-01 -4.121031e-02 6.808612e-01 7.296374e+01
-6.756670e-01 1.920540e-02 -7.369569e-01 -4.258681e+01 1.754622e-02 -9.989585e-01 -4.212024e-02 -4.651024e+00 -7.369983e-01 -4.139006e-02 6.746262e-01 7.372298e+01
-6.785854e-01 2.311394e-02 -7.341579e-01 -4.344479e+01 1.847036e-02 -9.986517e-01 -4.851339e-02 -4.729827e+00 -7.342894e-01 -4.648063e-02 6.772436e-01 7.457196e+01
-6.736172e-01 2.324436e-02 -7.387150e-01 -4.434702e+01 1.865084e-02 -9.986524e-01 -4.843079e-02 -4.796463e+00 -7.388452e-01 -4.640146e-02 6.722759e-01 7.533176e+01
-6.715066e-01 2.343806e-02 -7.406279e-01 -4.530213e+01 1.857710e-02 -9.986531e-01 -4.844691e-02 -4.865331e+00 -7.407658e-01 -4.629114e-02 6.701667e-01 7.611371e+01
-6.687322e-01 2.362625e-02 -7.431281e-01 -4.618776e+01 1.853893e-02 -9.986544e-01 -4.843315e-02 -4.932806e+00 -7.432724e-01 -4.616560e-02 6.673943e-01 7.689665e+01
-6.644258e-01 2.432147e-02 -7.469585e-01 -4.676920e+01 1.650718e-02 -9.987489e-01 -4.720321e-02 -4.980491e+00 -7.471720e-01 -4.369320e-02 6.631931e-01 7.767810e+01
-6.635723e-01 2.458360e-02 -7.477083e-01 -4.766269e+01 1.620932e-02 -9.987528e-01 -4.722297e-02 -5.045898e+00 -7.479367e-01 -4.345570e-02 6.623462e-01 7.844485e+01
-6.614453e-01 2.491729e-02 -7.495796e-01 -4.856441e+01 1.590296e-02 -9.987572e-01 -4.723349e-02 -5.112833e+00 -7.498250e-01 -4.316290e-02 6.602269e-01 7.923515e+01
-6.571630e-01 2.544700e-02 -7.533189e-01 -4.945761e+01 1.560489e-02 -9.987564e-01 -4.735088e-02 -5.178708e+00 -7.535871e-01 -4.287270e-02 6.559487e-01 8.000584e+01
-6.425922e-01 2.967058e-02 -7.656339e-01 -5.038080e+01 1.099004e-02 -9.987903e-01 -4.792996e-02 -5.234564e+00 -7.661297e-01 -3.921376e-02 6.414887e-01 8.079790e+01
-6.374227e-01 3.050827e-02 -7.699102e-01 -5.130754e+01 1.030682e-02 -9.987888e-01 -4.811095e-02 -5.302925e+00 -7.704455e-01 -3.860234e-02 6.363363e-01 8.158514e+01
-6.272683e-01 3.142591e-02 -7.781691e-01 -5.217344e+01 9.761405e-03 -9.987898e-01 -4.820405e-02 -5.367463e+00 -7.787423e-01 -3.783289e-02 6.262024e-01 8.231471e+01
-6.194416e-01 3.233642e-02 -7.843766e-01 -5.309219e+01 8.966243e-03 -9.987947e-01 -4.825681e-02 -5.434350e+00 -7.849917e-01 -3.692518e-02 6.184050e-01 8.305724e+01
-6.141173e-01 4.490272e-02 -7.879364e-01 -5.420681e+01 -5.275142e-03 -9.985914e-01 -5.279602e-02 -5.526384e+00 -7.891973e-01 -2.826647e-02 6.134891e-01 8.382915e+01
-6.040685e-01 4.563662e-02 -7.956247e-01 -5.516230e+01 -5.872761e-03 -9.985868e-01 -5.281959e-02 -5.598062e+00 -7.969108e-01 -2.723413e-02 6.034828e-01 8.450053e+01
-5.928807e-01 4.639005e-02 -8.039532e-01 -5.611888e+01 -6.341347e-03 -9.985774e-01 -5.294387e-02 -5.670434e+00 -8.052655e-01 -2.629125e-02 5.923314e-01 8.520496e+01
-5.807748e-01 4.719748e-02 -8.126950e-01 -5.709985e+01 -6.762497e-03 -9.985632e-01 -5.315915e-02 -5.744562e+00 -8.140363e-01 -2.537765e-02 5.802595e-01 8.592854e+01
-5.724916e-01 4.514177e-02 -8.186671e-01 -5.809713e+01 -6.044594e-03 -9.986885e-01 -5.084128e-02 -5.799158e+00 -8.198884e-01 -2.415769e-02 5.720136e-01 8.671636e+01
-5.640833e-01 4.594769e-02 -8.244386e-01 -5.908795e+01 -6.810067e-03 -9.986755e-01 -5.099881e-02 -5.869402e+00 -8.256899e-01 -2.315310e-02 5.636492e-01 8.738551e+01
-5.582381e-01 4.669912e-02 -8.283656e-01 -6.008573e+01 -7.766995e-03 -9.986652e-01 -5.106555e-02 -5.939583e+00 -8.296445e-01 -2.207283e-02 5.578556e-01 8.803598e+01
-5.477827e-01 4.742215e-02 -8.352757e-01 -6.109865e+01 -8.443095e-03 -9.986548e-01 -5.116080e-02 -6.011222e+00 -8.365782e-01 -2.097269e-02 5.474462e-01 8.871188e+01
-5.327378e-01 4.993534e-02 -8.448060e-01 -6.222469e+01 -1.212345e-02 -9.986055e-01 -5.138114e-02 -6.085291e+00 -8.461936e-01 -1.713072e-02 5.326003e-01 8.941973e+01
-5.190055e-01 5.062098e-02 -8.532708e-01 -6.329205e+01 -1.243258e-02 -9.985863e-01 -5.167977e-02 -6.159213e+00 -8.546806e-01 -1.621373e-02 5.189011e-01 9.008507e+01
-5.084409e-01 5.128451e-02 -8.595685e-01 -6.439789e+01 -1.281333e-02 -9.985650e-01 -5.199830e-02 -6.235256e+00 -8.610016e-01 -1.542413e-02 5.083684e-01 9.075102e+01
-5.000199e-01 5.189056e-02 -8.644580e-01 -6.548911e+01 -1.324528e-02 -9.985448e-01 -5.227800e-02 -6.310125e+00 -8.659127e-01 -1.469005e-02 4.999796e-01 9.137239e+01
-4.978188e-01 5.274573e-02 -8.656757e-01 -6.662023e+01 -9.157497e-03 -9.984130e-01 -5.556728e-02 -6.396673e+00 -8.672329e-01 -1.973501e-02 4.975117e-01 9.195248e+01
-4.890631e-01 5.310290e-02 -8.706306e-01 -6.772273e+01 -9.533114e-03 -9.984109e-01 -5.554161e-02 -6.476401e+00 -8.721965e-01 -1.886353e-02 4.887921e-01 9.258452e+01
-4.809037e-01 5.340062e-02 -8.751458e-01 -6.886348e+01 -9.928345e-03 -9.984112e-01 -5.546641e-02 -6.557746e+00 -8.767173e-01 -1.798525e-02 4.806698e-01 9.319480e+01
-4.679343e-01 5.386758e-02 -8.821202e-01 -6.999882e+01 -1.014769e-02 -9.984024e-01 -5.558548e-02 -6.638239e+00 -8.837051e-01 -1.705887e-02 4.677334e-01 9.379923e+01
-4.542476e-01 4.918008e-02 -8.895171e-01 -7.105512e+01 -7.891594e-03 -9.986580e-01 -5.118434e-02 -6.690326e+00 -8.908406e-01 -1.623065e-02 4.540262e-01 9.439571e+01
-4.436837e-01 4.983620e-02 -8.947968e-01 -7.214185e+01 -8.393767e-03 -9.986399e-01 -5.145777e-02 -6.762104e+00 -8.961443e-01 -1.532025e-02 4.434985e-01 9.495942e+01
-4.371151e-01 5.060942e-02 -8.979807e-01 -7.328541e+01 -9.164717e-03 -9.986144e-01 -5.181989e-02 -6.836862e+00 -8.993590e-01 -1.442152e-02 4.369733e-01 9.551076e+01
-4.324422e-01 5.135327e-02 -9.001982e-01 -7.438833e+01 -1.011099e-02 -9.985902e-01 -5.210903e-02 -6.910080e+00 -9.016051e-01 -1.343225e-02 4.323518e-01 9.606547e+01
-4.434084e-01 6.228734e-02 -8.941529e-01 -7.555433e+01 -1.643511e-02 -9.979798e-01 -6.136987e-02 -7.035585e+00 -8.961691e-01 -1.251641e-02 4.435363e-01 9.662903e+01
-4.406180e-01 6.274236e-02 -8.954994e-01 -7.663236e+01 -1.765426e-02 -9.979672e-01 -6.123513e-02 -7.119371e+00 -8.975212e-01 -1.117192e-02 4.408300e-01 9.715579e+01
-4.378969e-01 6.316415e-02 -8.968037e-01 -7.773009e+01 -1.894365e-02 -9.979556e-01 -6.103861e-02 -7.204522e+00 -8.988257e-01 -9.739877e-03 4.381982e-01 9.769910e+01
-4.354385e-01 6.355250e-02 -8.979725e-01 -7.882892e+01 -2.029209e-02 -9.979444e-01 -6.078795e-02 -7.289596e+00 -8.999898e-01 -8.247674e-03 4.358330e-01 9.823772e+01
-4.367263e-01 5.812375e-02 -8.977149e-01 -8.002955e+01 -2.748062e-02 -9.983068e-01 -5.126775e-02 -7.356249e+00 -8.991747e-01 2.279787e-03 4.375841e-01 9.881656e+01
-4.337042e-01 5.834499e-02 -8.991644e-01 -8.108588e+01 -2.881814e-02 -9.982890e-01 -5.087681e-02 -7.427219e+00 -9.005944e-01 3.846763e-03 4.346435e-01 9.933515e+01
-4.318449e-01 5.860060e-02 -9.000423e-01 -8.215752e+01 -3.032845e-02 -9.982663e-01 -5.044410e-02 -7.499014e+00 -9.014379e-01 5.512863e-03 4.328735e-01 9.982887e+01
-4.337848e-01 5.886957e-02 -8.990914e-01 -8.316618e+01 -3.208768e-02 -9.982396e-01 -4.988012e-02 -7.566574e+00 -9.004450e-01 7.212516e-03 4.349101e-01 1.003125e+02
-4.310667e-01 5.623763e-02 -9.005659e-01 -8.438057e+01 -3.522910e-02 -9.983439e-01 -4.548073e-02 -7.646364e+00 -9.016322e-01 1.212090e-02 4.323340e-01 1.009016e+02
-4.318305e-01 5.640276e-02 -9.001896e-01 -8.544106e+01 -3.700272e-02 -9.983104e-01 -4.480008e-02 -7.711913e+00 -9.011955e-01 1.396343e-02 4.331879e-01 1.013739e+02
-4.286462e-01 5.662050e-02 -9.016965e-01 -8.649926e+01 -3.864950e-02 -9.982699e-01 -4.431156e-02 -7.776833e+00 -9.026454e-01 1.585614e-02 4.300930e-01 1.018545e+02
-4.281986e-01 5.691151e-02 -9.018909e-01 -8.759375e+01 -4.042673e-02 -9.982222e-01 -4.379649e-02 -7.842410e+00 -9.027801e-01 1.770691e-02 4.297381e-01 1.023864e+02
-4.199614e-01 5.556373e-02 -9.058396e-01 -8.886668e+01 -4.444616e-02 -9.981856e-01 -4.062226e-02 -7.920774e+00 -9.064531e-01 2.320131e-02 4.216690e-01 1.029819e+02
-4.217468e-01 5.590757e-02 -9.049885e-01 -8.993351e+01 -4.620109e-02 -9.981257e-01 -4.013049e-02 -7.982055e+00 -9.055359e-01 2.488655e-02 4.235393e-01 1.034617e+02
-4.219471e-01 5.618095e-02 -9.048782e-01 -9.088965e+01 -4.762475e-02 -9.980738e-01 -3.975960e-02 -8.038497e+00 -9.053688e-01 2.631815e-02 4.238099e-01 1.038882e+02
-4.252128e-01 5.646431e-02 -9.033306e-01 -9.185229e+01 -4.905385e-02 -9.980230e-01 -3.929276e-02 -8.094988e+00 -9.037632e-01 2.760406e-02 4.271419e-01 1.043254e+02
-4.264247e-01 5.848736e-02 -9.026303e-01 -9.284203e+01 -4.312330e-02 -9.980872e-01 -4.430012e-02 -8.196791e+00 -9.034947e-01 2.003373e-02 4.281311e-01 1.047428e+02
-4.297637e-01 5.875112e-02 -9.010281e-01 -9.378915e+01 -4.436786e-02 -9.980496e-01 -4.391520e-02 -8.257583e+00 -9.018508e-01 2.110353e-02 4.315321e-01 1.051896e+02
-4.342554e-01 5.891924e-02 -8.988609e-01 -9.465373e+01 -4.552124e-02 -9.980190e-01 -4.342682e-02 -8.314165e+00 -8.996390e-01 2.205894e-02 4.360772e-01 1.055967e+02
-4.403534e-01 5.902228e-02 -8.958825e-01 -9.562392e+01 -4.665258e-02 -9.979931e-01 -4.281834e-02 -8.375178e+00 -8.966118e-01 2.294003e-02 4.422231e-01 1.060674e+02
-4.568954e-01 5.665410e-02 -8.877146e-01 -9.692322e+01 -3.640964e-02 -9.983245e-01 -4.497366e-02 -8.467322e+00 -8.887751e-01 1.177311e-02 4.581926e-01 1.066997e+02
-4.650474e-01 5.669798e-02 -8.834684e-01 -9.789594e+01 -3.746967e-02 -9.983134e-01 -4.434475e-02 -8.531247e+00 -8.844926e-01 1.248086e-02 4.663875e-01 1.071635e+02
-4.735043e-01 5.678519e-02 -8.789592e-01 -9.884883e+01 -3.847834e-02 -9.983006e-01 -4.376657e-02 -8.593299e+00 -8.799507e-01 1.309723e-02 4.748846e-01 1.076695e+02
-4.856925e-01 5.690860e-02 -8.722755e-01 -9.976567e+01 -3.949613e-02 -9.982881e-01 -4.313798e-02 -8.653235e+00 -8.732371e-01 1.349972e-02 4.871087e-01 1.081753e+02
-5.014341e-01 5.504802e-02 -8.634430e-01 -1.007476e+02 -3.267995e-02 -9.984668e-01 -4.467785e-02 -8.714202e+00 -8.645785e-01 5.814275e-03 5.024642e-01 1.088075e+02
-5.116503e-01 5.509160e-02 -8.574258e-01 -1.016695e+02 -3.329272e-02 -9.984640e-01 -4.428693e-02 -8.775984e+00 -8.585486e-01 5.886616e-03 5.126986e-01 1.093752e+02
-5.228806e-01 5.502438e-02 -8.506283e-01 -1.025998e+02 -3.386677e-02 -9.984674e-01 -4.376974e-02 -8.837904e+00 -8.517331e-01 5.921685e-03 5.239427e-01 1.099660e+02
-5.336556e-01 5.481991e-02 -8.439233e-01 -1.035174e+02 -3.433364e-02 -9.984786e-01 -4.314866e-02 -8.899414e+00 -8.450048e-01 5.948430e-03 5.347258e-01 1.105134e+02
-5.433809e-01 5.137564e-02 -8.379129e-01 -1.045197e+02 -2.461493e-02 -9.986715e-01 -4.526976e-02 -8.969242e+00 -8.391254e-01 -3.973558e-03 5.439237e-01 1.110750e+02
-5.551988e-01 5.114185e-02 -8.301439e-01 -1.054309e+02 -2.507618e-02 -9.986833e-01 -4.475398e-02 -9.032589e+00 -8.313396e-01 -4.030520e-03 5.557503e-01 1.116415e+02
-5.687270e-01 5.096874e-02 -8.209458e-01 -1.063494e+02 -2.562365e-02 -9.986917e-01 -4.425285e-02 -9.096196e+00 -8.221273e-01 -4.132160e-03 5.692888e-01 1.122502e+02
-5.814991e-01 5.088888e-02 -8.119540e-01 -1.072001e+02 -2.623253e-02 -9.986956e-01 -4.380582e-02 -9.156268e+00 -8.131241e-01 -4.173442e-03 5.820756e-01 1.128504e+02
-5.958670e-01 4.916481e-02 -8.015769e-01 -1.079725e+02 -2.361086e-02 -9.987653e-01 -4.370782e-02 -9.207759e+00 -8.027360e-01 -7.118133e-03 5.962921e-01 1.135430e+02
-6.058390e-01 4.901597e-02 -7.940760e-01 -1.087878e+02 -2.411062e-02 -9.987730e-01 -4.325615e-02 -9.266616e+00 -7.952219e-01 -7.060601e-03 6.062775e-01 1.141462e+02
-6.159028e-01 4.874183e-02 -7.863131e-01 -1.095412e+02 -2.459592e-02 -9.987874e-01 -4.264718e-02 -9.322315e+00 -7.874383e-01 -6.926421e-03 6.163548e-01 1.147649e+02
-6.254519e-01 4.839460e-02 -7.787606e-01 -1.103287e+02 -2.498393e-02 -9.988051e-01 -4.200331e-02 -9.379549e+00 -7.798628e-01 -6.814548e-03 6.259136e-01 1.153800e+02
-6.339292e-01 4.465287e-02 -7.721011e-01 -1.111513e+02 -2.379609e-02 -9.989854e-01 -3.823661e-02 -9.428396e+00 -7.730250e-01 -5.866320e-03 6.343485e-01 1.160377e+02
-6.419796e-01 4.425361e-02 -7.654437e-01 -1.119016e+02 -2.380435e-02 -9.990021e-01 -3.779186e-02 -9.480024e+00 -7.663522e-01 -6.040721e-03 6.423925e-01 1.166338e+02
-6.510667e-01 4.389703e-02 -7.577503e-01 -1.126489e+02 -2.394964e-02 -9.990172e-01 -3.729603e-02 -9.531755e+00 -7.586428e-01 -6.134350e-03 6.514781e-01 1.172782e+02
-6.591479e-01 4.345707e-02 -7.507568e-01 -1.133802e+02 -2.403078e-02 -9.990363e-01 -3.673008e-02 -9.582584e+00 -7.516295e-01 -6.169283e-03 6.595569e-01 1.179178e+02
-6.703518e-01 4.091161e-02 -7.409149e-01 -1.141458e+02 -1.917736e-02 -9.991007e-01 -3.781709e-02 -9.638639e+00 -7.417957e-01 -1.114196e-02 6.705335e-01 1.186070e+02
-6.782101e-01 4.036417e-02 -7.337588e-01 -1.148542e+02 -1.925985e-02 -9.991237e-01 -3.716014e-02 -9.689840e+00 -7.346158e-01 -1.107030e-02 6.783932e-01 1.192643e+02
-6.850376e-01 3.980017e-02 -7.274199e-01 -1.155741e+02 -1.922572e-02 -9.991465e-01 -3.656191e-02 -9.740843e+00 -7.282541e-01 -1.106112e-02 6.852180e-01 1.199026e+02
-6.926010e-01 3.914548e-02 -7.202581e-01 -1.162591e+02 -1.912142e-02 -9.991718e-01 -3.591705e-02 -9.790424e+00 -7.210675e-01 -1.110383e-02 6.927760e-01 1.205728e+02
-7.004908e-01 3.562004e-02 -7.127720e-01 -1.168693e+02 -1.765349e-02 -9.993129e-01 -3.259031e-02 -9.813321e+00 -7.134432e-01 -1.024630e-02 7.006383e-01 1.212035e+02
-7.069831e-01 3.468532e-02 -7.063795e-01 -1.175602e+02 -1.729640e-02 -9.993459e-01 -3.175966e-02 -9.859789e+00 -7.070191e-01 -1.023572e-02 7.071205e-01 1.218746e+02
-7.142565e-01 3.368550e-02 -6.990731e-01 -1.182102e+02 -1.691116e-02 -9.993802e-01 -3.087761e-02 -9.903690e+00 -6.996799e-01 -1.023240e-02 7.143834e-01 1.224984e+02
-7.232039e-01 3.267820e-02 -6.898612e-01 -1.188724e+02 -1.658623e-02 -9.994137e-01 -2.995359e-02 -9.948103e+00 -6.904355e-01 -1.022036e-02 7.233219e-01 1.231724e+02
-7.330737e-01 2.742601e-02 -6.795961e-01 -1.194865e+02 -1.464977e-02 -9.995915e-01 -2.453728e-02 -9.970352e+00 -6.799915e-01 -8.031709e-03 7.331761e-01 1.237914e+02
-7.414764e-01 2.622461e-02 -6.704664e-01 -1.200695e+02 -1.409675e-02 -9.996242e-01 -2.350952e-02 -1.000609e+01 -6.708310e-01 -7.980351e-03 7.415674e-01 1.243819e+02
-7.475691e-01 2.490851e-02 -6.637170e-01 -1.206282e+02 -1.339156e-02 -9.996587e-01 -2.243259e-02 -1.004026e+01 -6.640491e-01 -7.881709e-03 7.476475e-01 1.249689e+02
-7.574208e-01 2.352696e-02 -6.525031e-01 -1.211874e+02 -1.272921e-02 -9.996928e-01 -2.126942e-02 -1.007425e+01 -6.528031e-01 -7.804055e-03 7.574876e-01 1.256260e+02
-7.681902e-01 1.549957e-02 -6.400342e-01 -1.217552e+02 -6.687515e-03 -9.998466e-01 -1.618649e-02 -1.008734e+01 -6.401870e-01 -8.154062e-03 7.681760e-01 1.264481e+02
-7.769254e-01 1.422894e-02 -6.294321e-01 -1.223042e+02 -5.870748e-03 -9.998649e-01 -1.535652e-02 -1.011533e+01 -6.295655e-01 -8.235632e-03 7.769039e-01 1.270467e+02
-7.867239e-01 1.299810e-02 -6.171684e-01 -1.228525e+02 -5.131990e-03 -9.998814e-01 -1.451646e-02 -1.014334e+01 -6.172839e-01 -8.253141e-03 7.866973e-01 1.277231e+02
-7.993223e-01 1.255896e-02 -6.007714e-01 -1.233158e+02 -2.751406e-03 -9.998476e-01 -1.724081e-02 -1.016817e+01 -6.008964e-01 -1.212800e-02 7.992350e-01 1.284008e+02
-8.095056e-01 1.122936e-02 -5.870051e-01 -1.238164e+02 -2.055613e-03 -9.998652e-01 -1.629256e-02 -1.019682e+01 -5.871089e-01 -1.198226e-02 8.094195e-01 1.290587e+02
-8.190382e-01 9.898854e-03 -5.736538e-01 -1.243125e+02 -1.392613e-03 -9.998825e-01 -1.526546e-02 -1.022522e+01 -5.737375e-01 -1.170412e-02 8.189557e-01 1.297670e+02
-8.270823e-01 8.564028e-03 -5.620158e-01 -1.247943e+02 -7.295731e-04 -9.998994e-01 -1.416286e-02 -1.025185e+01 -5.620806e-01 -1.130382e-02 8.270054e-01 1.304324e+02
-8.354777e-01 7.282809e-03 -5.494763e-01 -1.252584e+02 -1.566921e-04 -9.999153e-01 -1.301472e-02 -1.027762e+01 -5.495245e-01 -1.078741e-02 8.354080e-01 1.311314e+02
-8.437809e-01 4.380727e-03 -5.366701e-01 -1.257096e+02 -1.238384e-03 -9.999800e-01 -6.215577e-03 -1.026209e+01 -5.366866e-01 -4.579982e-03 8.437693e-01 1.318972e+02
-8.500332e-01 3.239026e-03 -5.267194e-01 -1.261533e+02 -6.784698e-04 -9.999870e-01 -5.054422e-03 -1.028107e+01 -5.267289e-01 -3.939063e-03 8.500243e-01 1.326139e+02
-8.573473e-01 2.088024e-03 -5.147343e-01 -1.265838e+02 -7.252932e-05 -9.999923e-01 -3.935671e-03 -1.029885e+01 -5.147386e-01 -3.336904e-03 8.573408e-01 1.333502e+02
-8.638675e-01 9.031644e-04 -5.037187e-01 -1.270305e+02 6.039512e-04 -9.999959e-01 -2.828750e-03 -1.031537e+01 -5.037192e-01 -2.747887e-03 8.638632e-01 1.340564e+02
-8.697580e-01 2.127511e-03 -4.934741e-01 -1.274673e+02 -1.566084e-03 -9.999976e-01 -1.551027e-03 -1.031098e+01 -4.934762e-01 -5.761965e-04 8.697592e-01 1.347885e+02
-8.756500e-01 1.019443e-03 -4.829453e-01 -1.278868e+02 -8.870749e-04 -9.999995e-01 -5.024910e-04 -1.032516e+01 -4.829455e-01 -1.159765e-05 8.756505e-01 1.355185e+02
-8.815184e-01 2.092888e-05 -4.721501e-01 -1.282979e+02 -2.721260e-04 -9.999998e-01 4.637407e-04 -1.033835e+01 -4.721500e-01 5.372802e-04 8.815182e-01 1.362529e+02
-8.877484e-01 -9.287484e-04 -4.603284e-01 -1.286809e+02 3.263597e-04 -9.999990e-01 1.388188e-03 -1.035062e+01 -4.603292e-01 1.082129e-03 8.877478e-01 1.370322e+02
-8.917530e-01 1.011158e-03 -4.525217e-01 -1.290704e+02 -6.251063e-04 -9.999993e-01 -1.002642e-03 -1.034975e+01 -4.525223e-01 -6.112349e-04 8.917530e-01 1.378719e+02
-8.958445e-01 -8.742529e-06 -4.443681e-01 -1.294983e+02 -2.549691e-05 -1.000000e+00 7.107578e-05 -1.036269e+01 -4.443681e-01 7.500286e-05 8.958444e-01 1.386505e+02
-8.997939e-01 -1.155178e-03 -4.363139e-01 -1.299115e+02 6.470019e-04 -9.999989e-01 1.313294e-03 -1.037448e+01 -4.363149e-01 8.993982e-04 8.997937e-01 1.394405e+02
-9.019429e-01 -2.418442e-03 -4.318487e-01 -1.302747e+02 1.407399e-03 -9.999955e-01 2.660740e-03 -1.038507e+01 -4.318532e-01 1.792053e-03 9.019423e-01 1.402016e+02
-8.991653e-01 -5.397080e-03 -4.375761e-01 -1.306797e+02 2.487227e-03 -9.999709e-01 7.222731e-03 -1.036646e+01 -4.376024e-01 5.406078e-03 8.991525e-01 1.410315e+02
-9.019398e-01 -6.766716e-03 -4.318090e-01 -1.310983e+02 3.360300e-03 -9.999570e-01 8.651132e-03 -1.037061e+01 -4.318489e-01 6.351792e-03 9.019237e-01 1.418673e+02
-9.053143e-01 -8.135432e-03 -4.246645e-01 -1.315185e+02 4.215629e-03 -9.999394e-01 1.016914e-02 -1.037330e+01 -4.247215e-01 7.416036e-03 9.052938e-01 1.426916e+02
-9.090186e-01 -9.422391e-03 -4.166492e-01 -1.319271e+02 5.000640e-03 -9.999191e-01 1.170278e-02 -1.037429e+01 -4.167257e-01 8.554530e-03 9.089921e-01 1.435491e+02
-9.144564e-01 -1.432546e-02 -4.044310e-01 -1.323321e+02 7.804666e-03 -9.998117e-01 1.776752e-02 -1.033721e+01 -4.046093e-01 1.309117e-02 9.143960e-01 1.444962e+02
-9.180565e-01 -1.541387e-02 -3.961499e-01 -1.327208e+02 8.515595e-03 -9.997801e-01 1.916619e-02 -1.033005e+01 -3.963581e-01 1.422219e-02 9.179859e-01 1.453918e+02
-9.218187e-01 -1.634063e-02 -3.872771e-01 -1.331062e+02 9.109354e-03 -9.997483e-01 2.050043e-02 -1.032109e+01 -3.875146e-01 1.536983e-02 9.217355e-01 1.463156e+02
-9.258757e-01 -1.711766e-02 -3.774406e-01 -1.334797e+02 9.643018e-03 -9.997184e-01 2.168448e-02 -1.031054e+01 -3.777055e-01 1.643747e-02 9.257800e-01 1.472400e+02
-9.308987e-01 -1.056377e-02 -3.651251e-01 -1.338374e+02 3.314693e-03 -9.997849e-01 2.047479e-02 -1.029537e+01 -3.652628e-01 1.784967e-02 9.307334e-01 1.481815e+02
-9.358107e-01 -1.128003e-02 -3.523226e-01 -1.342094e+02 3.961637e-03 -9.997613e-01 2.148597e-02 -1.028295e+01 -3.524809e-01 1.871102e-02 9.356320e-01 1.491827e+02
-9.406527e-01 -1.211857e-02 -3.391546e-01 -1.345800e+02 4.764996e-03 -9.997354e-01 2.250642e-02 -1.026915e+01 -3.393376e-01 1.955465e-02 9.404615e-01 1.501935e+02
-9.467630e-01 -1.310195e-02 -3.216651e-01 -1.349433e+02 5.821075e-03 -9.997048e-01 2.358635e-02 -1.025411e+01 -3.218792e-01 2.045824e-02 9.465597e-01 1.512044e+02
-9.528880e-01 -1.418758e-02 -3.029910e-01 -1.352724e+02 7.028382e-03 -9.996701e-01 2.470583e-02 -1.023865e+01 -3.032416e-01 2.141235e-02 9.526733e-01 1.522030e+02
-9.597276e-01 -1.546240e-02 -2.805069e-01 -1.355650e+02 1.061835e-02 -9.997672e-01 1.878057e-02 -1.024721e+01 -2.807320e-01 1.504571e-02 9.596683e-01 1.531371e+02
-9.655294e-01 -1.658751e-02 -2.597654e-01 -1.358468e+02 1.184348e-02 -9.997334e-01 1.981737e-02 -1.023613e+01 -2.600249e-01 1.605773e-02 9.654685e-01 1.542021e+02
-9.708200e-01 -1.767989e-02 -2.391573e-01 -1.361223e+02 1.304844e-02 -9.996957e-01 2.093527e-02 -1.022383e+01 -2.394547e-01 1.720375e-02 9.707552e-01 1.552674e+02
-9.766350e-01 -2.518582e-02 -2.134242e-01 -1.363994e+02 2.040490e-02 -9.994898e-01 2.457468e-02 -1.018260e+01 -2.139342e-01 1.964559e-02 9.766505e-01 1.563484e+02
-9.811454e-01 -2.632285e-02 -1.914704e-01 -1.366141e+02 2.178017e-02 -9.994301e-01 2.579165e-02 -1.016557e+01 -1.920402e-01 2.113510e-02 9.811596e-01 1.574149e+02
-9.856082e-01 -2.745590e-02 -1.668017e-01 -1.368221e+02 2.326845e-02 -9.993644e-01 2.700737e-02 -1.014734e+01 -1.674372e-01 2.273747e-02 9.856206e-01 1.584539e+02
-9.891859e-01 -2.856528e-02 -1.438594e-01 -1.369427e+02 2.475877e-02 -9.992961e-01 2.818130e-02 -1.013015e+01 -1.445632e-01 2.431476e-02 9.891970e-01 1.594764e+02
-9.923314e-01 -2.959721e-02 -1.200108e-01 -1.371263e+02 2.627753e-02 -9.992296e-01 2.915057e-02 -1.010714e+01 -1.207811e-01 2.577344e-02 9.923446e-01 1.605880e+02
-9.947509e-01 -3.330990e-02 -9.675420e-02 -1.372651e+02 2.963117e-02 -9.987915e-01 3.921295e-02 -1.003118e+01 -9.794345e-02 3.614018e-02 9.945357e-01 1.618308e+02
-9.966331e-01 -3.417247e-02 -7.453249e-02 -1.373767e+02 3.124384e-02 -9.987066e-01 4.011182e-02 -9.994907e+00 -7.580680e-02 3.764809e-02 9.964116e-01 1.629866e+02
-9.979751e-01 -3.500468e-02 -5.310791e-02 -1.374626e+02 3.284350e-02 -9.986178e-01 4.103528e-02 -9.956638e+00 -5.447093e-02 3.920794e-02 9.977454e-01 1.641677e+02
-9.987939e-01 -3.580640e-02 -3.359809e-02 -1.375217e+02 3.438395e-02 -9.985257e-01 4.200028e-02 -9.914834e+00 -3.505243e-02 4.079439e-02 9.985526e-01 1.654165e+02
-9.992382e-01 -3.365866e-02 -1.975420e-02 -1.375814e+02 3.288792e-02 -9.987317e-01 3.812376e-02 -9.897208e+00 -2.101235e-02 3.744504e-02 9.990779e-01 1.668403e+02
-9.994063e-01 -3.443841e-02 1.037392e-03 -1.375850e+02 3.445266e-02 -9.986444e-01 3.901844e-02 -9.859923e+00 -3.077472e-04 3.903102e-02 9.992380e-01 1.680826e+02
-9.991696e-01 -3.526646e-02 2.040846e-02 -1.375947e+02 3.605895e-02 -9.985543e-01 3.986266e-02 -9.822407e+00 1.897314e-02 4.056547e-02 9.989969e-01 1.692764e+02
-9.986202e-01 -3.603176e-02 3.820413e-02 -1.375976e+02 3.758071e-02 -9.984672e-01 4.063215e-02 -9.782897e+00 3.668152e-02 4.201183e-02 9.984436e-01 1.704351e+02
-9.977283e-01 -3.687561e-02 5.638048e-02 -1.375477e+02 3.923128e-02 -9.983779e-01 4.126179e-02 -9.742032e+00 5.476747e-02 4.337993e-02 9.975564e-01 1.716845e+02
-9.964386e-01 -3.775219e-02 7.539959e-02 -1.374502e+02 4.097673e-02 -9.982901e-01 4.168671e-02 -9.701180e+00 7.369690e-02 4.462788e-02 9.962817e-01 1.729389e+02
-9.948467e-01 -3.858080e-02 9.376414e-02 -1.373518e+02 4.266838e-02 -9.982067e-01 4.198713e-02 -9.656442e+00 9.197609e-02 4.577152e-02 9.947088e-01 1.742416e+02
-9.923588e-01 -4.143488e-02 1.162215e-01 -1.372031e+02 4.551683e-02 -9.984286e-01 3.268982e-02 -9.643441e+00 1.146844e-01 3.773006e-02 9.926853e-01 1.756146e+02
