-1.000000e+00 2.728484e-12 9.313226e-10 0.000000e+00 3.183231e-12 -1.000000e+00 0.000000e+00 -5.820766e-11 0.000000e+00 -2.910383e-11 1.000000e+00 0.000000e+00
-9.999204e-01 -1.850366e-04 -1.262842e-02 1.910997e-02 1.858372e-04 -1.000000e+00 -6.221989e-05 4.386139e-04 -1.262841e-02 -6.456178e-05 9.999204e-01 3.456863e-01
-9.998090e-01 -3.422247e-04 -1.954456e-02 4.033860e-02 3.418229e-04 -9.999999e-01 2.389785e-05 5.769809e-04 -1.954457e-02 1.721244e-05 9.998091e-01 9.042426e-01
-9.997595e-01 -6.108572e-04 -2.192799e-02 1.576633e-02 6.084698e-04 -9.999999e-01 1.155425e-04 4.576810e-04 -2.192806e-02 1.021721e-04 9.997596e-01 1.618787e+00
-9.996879e-01 -8.357938e-04 -2.497027e-02 -7.362582e-03 8.320319e-04 -9.999997e-01 1.610422e-04 4.135789e-04 -2.497039e-02 1.402159e-04 9.996883e-01 2.402189e+00
-9.996143e-01 -9.466620e-04 -2.775739e-02 -2.543407e-02 9.412660e-04 -9.999996e-01 2.074584e-04 -8.550362e-05 -2.775758e-02 1.812512e-04 9.996147e-01 3.210676e+00
-9.996197e-01 -1.057438e-03 -2.756146e-02 -5.070848e-02 1.049627e-03 -9.999995e-01 2.978630e-04 -6.416782e-04 -2.756176e-02 2.688205e-04 9.996201e-01 4.054450e+00
-9.996123e-01 -1.069093e-03 -2.782533e-02 -8.527108e-02 1.058597e-03 -9.999995e-01 3.919403e-04 -1.577181e-03 -2.782573e-02 3.623325e-04 9.996127e-01 4.921868e+00
-9.996262e-01 1.601608e-03 -2.729537e-02 -1.191792e-01 -1.609533e-03 -9.999987e-01 2.683909e-04 -2.364449e-02 -2.729490e-02 3.122233e-04 9.996274e-01 5.978961e+00
-9.995871e-01 1.484099e-03 -2.869951e-02 -1.523107e-01 -1.488627e-03 -9.999990e-01 1.364048e-04 -2.510757e-02 -2.869928e-02 1.790713e-04 9.995881e-01 6.867313e+00
-9.995512e-01 1.146797e-03 -2.993888e-02 -1.787559e-01 -1.145527e-03 -9.999994e-01 -5.956506e-05 -2.691487e-02 -2.993893e-02 -2.524257e-05 9.995518e-01 7.763036e+00
-9.993671e-01 -3.477173e-03 -3.540400e-02 -2.259864e-01 3.691007e-03 -9.999753e-01 -5.976268e-03 -5.591931e-02 -3.538235e-02 -6.103161e-03 9.993553e-01 8.583969e+00
-9.993479e-01 -3.810091e-03 -3.590911e-02 -2.544519e-01 4.029727e-03 -9.999737e-01 -6.046063e-03 -6.375674e-02 -3.588513e-02 -6.186824e-03 9.993368e-01 9.485721e+00
-9.993247e-01 -4.135782e-03 -3.651276e-02 -2.886088e-01 4.358765e-03 -9.999724e-01 -6.029512e-03 -7.206926e-02 -3.648682e-02 -6.184591e-03 9.993151e-01 1.041707e+01
-9.993083e-01 -4.430810e-03 -3.692581e-02 -3.335991e-01 4.655010e-03 -9.999713e-01 -5.987905e-03 -8.058529e-02 -3.689822e-02 -6.155654e-03 9.993001e-01 1.132318e+01
-9.992114e-01 -3.438816e-03 -3.955775e-02 -3.880580e-01 3.515663e-03 -9.999921e-01 -1.873272e-03 -9.245937e-02 -3.955100e-02 -2.010867e-03 9.992156e-01 1.220686e+01
-9.991793e-01 -3.623038e-03 -4.034467e-02 -4.376010e-01 3.701818e-03 -9.999915e-01 -1.878144e-03 -9.770706e-02 -4.033751e-02 -2.025951e-03 9.991841e-01 1.312278e+01
-9.991904e-01 -3.795065e-03 -4.005497e-02 -4.813161e-01 3.870020e-03 -9.999909e-01 -1.793946e-03 -1.030348e-01 -4.004779e-02 -1.947507e-03 9.991959e-01 1.403234e+01
-9.992464e-01 -3.991474e-03 -3.861292e-02 -5.207642e-01 4.053802e-03 -9.999906e-01 -1.536014e-03 -1.083253e-01 -3.860642e-02 -1.691386e-03 9.992532e-01 1.494712e+01
-9.992308e-01 -2.844841e-03 -3.911242e-02 -5.574291e-01 2.749026e-03 -9.999931e-01 2.503303e-03 -1.188361e-01 -3.911926e-02 2.393856e-03 9.992318e-01 1.589851e+01
-9.993271e-01 -2.999342e-03 -3.656087e-02 -6.018586e-01 2.888235e-03 -9.999911e-01 3.091387e-03 -1.207141e-01 -3.656982e-02 2.983710e-03 9.993267e-01 1.681423e+01
-9.994030e-01 -3.141652e-03 -3.441003e-02 -6.411418e-01 3.015617e-03 -9.999886e-01 3.714014e-03 -1.223273e-01 -3.442131e-02 3.608029e-03 9.994010e-01 1.775126e+01
-9.994476e-01 -3.322178e-03 -3.307009e-02 -6.693165e-01 3.185767e-03 -9.999862e-01 4.176736e-03 -1.237106e-01 -3.308351e-02 4.069075e-03 9.994444e-01 1.868634e+01
-9.993621e-01 -1.671093e-03 -3.567449e-02 -7.172707e-01 1.396535e-03 -9.999692e-01 7.719747e-03 -1.201046e-01 -3.568630e-02 7.665002e-03 9.993337e-01 1.969764e+01
-9.994054e-01 -1.856936e-03 -3.443228e-02 -7.495201e-01 1.589661e-03 -9.999685e-01 7.788107e-03 -1.177919e-01 -3.444566e-02 7.728740e-03 9.993768e-01 2.063642e+01
-9.993990e-01 -1.898612e-03 -3.461567e-02 -7.726448e-01 1.625278e-03 -9.999673e-01 7.922675e-03 -1.154154e-01 -3.462958e-02 7.861653e-03 9.993694e-01 2.158368e+01
-9.994325e-01 -1.843329e-03 -3.363876e-02 -8.093016e-01 1.565176e-03 -9.999644e-01 8.293267e-03 -1.129845e-01 -3.365285e-02 8.235909e-03 9.993997e-01 2.253153e+01
-9.994114e-01 1.785859e-03 -3.426266e-02 -8.375286e-01 -2.006393e-03 -9.999776e-01 6.403277e-03 -1.326323e-01 -3.425045e-02 6.468252e-03 9.993924e-01 2.358724e+01
-9.994010e-01 2.407513e-03 -3.452484e-02 -8.801641e-01 -2.647444e-03 -9.999726e-01 6.905484e-03 -1.321802e-01 -3.450727e-02 6.992750e-03 9.993801e-01 2.456503e+01
-9.993858e-01 3.091136e-03 -3.491040e-02 -9.130753e-01 -3.345153e-03 -9.999684e-01 7.220187e-03 -1.313254e-01 -3.488697e-02 7.332532e-03 9.993644e-01 2.554933e+01
-9.993705e-01 3.733618e-03 -3.528553e-02 -9.436691e-01 -3.994423e-03 -9.999653e-01 7.323682e-03 -1.302136e-01 -3.525695e-02 7.460015e-03 9.993505e-01 2.653194e+01
-9.991232e-01 1.305626e-02 -3.978205e-02 -9.903633e-01 -1.314584e-02 -9.999117e-01 1.991036e-03 -1.515466e-01 -3.975253e-02 2.512259e-03 9.992064e-01 2.753921e+01
-9.990929e-01 1.369953e-02 -4.032262e-02 -1.015266e+00 -1.379637e-02 -9.999026e-01 2.124262e-03 -1.554255e-01 -4.028959e-02 2.678640e-03 9.991845e-01 2.853022e+01
-9.990343e-01 1.416103e-02 -4.159322e-02 -1.054550e+00 -1.427214e-02 -9.998954e-01 2.375441e-03 -1.593229e-01 -4.155523e-02 2.966771e-03 9.991319e-01 2.952280e+01
-9.990347e-01 1.453040e-02 -4.145578e-02 -1.097354e+00 -1.465550e-02 -9.998890e-01 2.715454e-03 -1.632503e-01 -4.141171e-02 3.320388e-03 9.991367e-01 3.051228e+01
-9.988797e-01 9.592926e-03 -4.634009e-02 -1.191904e+00 -9.952739e-03 -9.999221e-01 7.540142e-03 -1.547910e-01 -4.626414e-02 7.992905e-03 9.988974e-01 3.155337e+01
-9.987954e-01 9.860777e-03 -4.807128e-02 -1.240618e+00 -1.026421e-02 -9.999142e-01 8.152817e-03 -1.542428e-01 -4.798676e-02 8.636408e-03 9.988107e-01 3.256346e+01
-9.987403e-01 9.865488e-03 -4.919986e-02 -1.305377e+00 -1.031318e-02 -9.999077e-01 8.853872e-03 -1.531356e-01 -4.910797e-02 9.350126e-03 9.987497e-01 3.356540e+01
-9.986913e-01 9.794139e-03 -5.019825e-02 -1.362509e+00 -1.028528e-02 -9.999017e-01 9.535052e-03 -1.519269e-01 -5.009993e-02 1.003888e-02 9.986938e-01 3.455212e+01
-9.989052e-01 2.813187e-03 -4.669872e-02 -1.412731e+00 -3.538288e-03 -9.998744e-01 1.545183e-02 -1.391582e-01 -4.664939e-02 1.560015e-02 9.987895e-01 3.554310e+01
-9.989006e-01 2.549211e-03 -4.681208e-02 -1.470363e+00 -3.297426e-03 -9.998680e-01 1.591313e-02 -1.319478e-01 -4.676533e-02 1.604999e-02 9.987770e-01 3.654841e+01
-9.989349e-01 2.297558e-03 -4.608883e-02 -1.525302e+00 -3.054874e-03 -9.998615e-01 1.636797e-02 -1.247460e-01 -4.604483e-02 1.649133e-02 9.988033e-01 3.753913e+01
-9.990717e-01 2.178067e-03 -4.302533e-02 -1.584444e+00 -2.906515e-03 -9.998534e-01 1.687538e-02 -1.171508e-01 -4.298227e-02 1.698477e-02 9.989315e-01 3.853462e+01
-9.989635e-01 4.462943e-03 -4.530070e-02 -1.585270e+00 -5.077723e-03 -9.998965e-01 1.346511e-02 -1.320477e-01 -4.523592e-02 1.368118e-02 9.988828e-01 3.953000e+01
-9.989740e-01 4.260979e-03 -4.508924e-02 -1.650329e+00 -4.887766e-03 -9.998929e-01 1.379994e-02 -1.277466e-01 -4.502561e-02 1.400616e-02 9.988878e-01 4.053148e+01
-9.990210e-01 3.962372e-03 -4.406254e-02 -1.702440e+00 -4.579152e-03 -9.998929e-01 1.390573e-02 -1.233272e-01 -4.400271e-02 1.409388e-02 9.989321e-01 4.151429e+01
-9.990662e-01 3.657344e-03 -4.305216e-02 -1.760250e+00 -4.261476e-03 -9.998937e-01 1.394918e-02 -1.188736e-01 -4.299656e-02 1.411961e-02 9.989755e-01 4.249722e+01
-9.988338e-01 -1.641261e-03 -4.825312e-02 -1.826758e+00 1.359100e-03 -9.999819e-01 5.879752e-03 -1.439825e-01 -4.826189e-02 5.807314e-03 9.988179e-01 4.340948e+01
-9.988782e-01 -1.706686e-03 -4.732415e-02 -1.866922e+00 1.411735e-03 -9.999794e-01 6.265294e-03 -1.476297e-01 -4.733386e-02 6.191456e-03 9.988601e-01 4.439522e+01
-9.989042e-01 -1.732762e-03 -4.677083e-02 -1.915132e+00 1.422597e-03 -9.999769e-01 6.664055e-03 -1.510538e-01 -4.678129e-02 6.590216e-03 9.988835e-01 4.536663e+01
-9.988784e-01 -1.603749e-03 -4.732442e-02 -1.946448e+00 1.273357e-03 -9.999747e-01 7.010760e-03 -1.546018e-01 -4.733446e-02 6.942635e-03 9.988551e-01 4.632144e+01
-9.989044e-01 -1.389111e-03 -4.677938e-02 -1.985268e+00 1.048515e-03 -9.999728e-01 7.304659e-03 -1.583385e-01 -4.678826e-02 7.247607e-03 9.988787e-01 4.728166e+01
-9.987407e-01 7.463851e-03 -4.961215e-02 -2.055840e+00 -8.121656e-03 -9.998817e-01 1.307060e-02 -1.445554e-01 -4.950872e-02 1.345707e-02 9.986831e-01 4.824823e+01
-9.987192e-01 7.814248e-03 -4.999102e-02 -2.098528e+00 -8.503273e-03 -9.998716e-01 1.358520e-02 -1.424967e-01 -4.987843e-02 1.399289e-02 9.986573e-01 4.920842e+01
-9.985653e-01 8.186067e-03 -5.292143e-02 -2.140279e+00 -8.957187e-03 -9.998569e-01 1.435034e-02 -1.404267e-01 -5.279638e-02 1.480377e-02 9.984956e-01 5.018187e+01
-9.984071e-01 1.716072e-02 -5.375072e-02 -2.190784e+00 -1.838390e-02 -9.995813e-01 2.234532e-02 -1.346526e-01 -5.334475e-02 2.329787e-02 9.983044e-01 5.110648e+01
-9.984834e-01 1.720808e-02 -5.229718e-02 -2.235146e+00 -1.843453e-02 -9.995641e-01 2.306028e-02 -1.258081e-01 -5.187757e-02 2.398938e-02 9.983654e-01 5.203690e+01
-9.983130e-01 1.699129e-02 -5.552071e-02 -2.285105e+00 -1.831025e-02 -9.995601e-01 2.333448e-02 -1.171609e-01 -5.509980e-02 2.431171e-02 9.981849e-01 5.297023e+01
-9.982256e-01 1.668149e-02 -5.716276e-02 -2.346550e+00 -1.804419e-02 -9.995632e-01 2.340642e-02 -1.086194e-01 -5.674734e-02 2.439634e-02 9.980905e-01 5.390046e+01
-9.982933e-01 7.184187e-03 -5.795700e-02 -2.450923e+00 -7.704741e-03 -9.999319e-01 8.763259e-03 -1.332157e-01 -5.789009e-02 9.194845e-03 9.982807e-01 5.480915e+01
-9.982015e-01 6.466858e-03 -5.959840e-02 -2.513926e+00 -7.017605e-03 -9.999346e-01 9.036303e-03 -1.380586e-01 -5.953605e-02 9.438290e-03 9.981816e-01 5.573018e+01
-9.981289e-01 5.676994e-03 -6.088268e-02 -2.583240e+00 -6.261363e-03 -9.999361e-01 9.411794e-03 -1.432816e-01 -6.082537e-02 9.775392e-03 9.981006e-01 5.661495e+01
-9.980171e-01 4.896523e-03 -6.275441e-02 -2.648592e+00 -5.518989e-03 -9.999373e-01 9.749586e-03 -1.483341e-01 -6.270273e-02 1.007659e-02 9.979814e-01 5.747790e+01
-9.980715e-01 -1.463234e-03 -6.205835e-02 -2.689465e+00 6.358674e-04 -9.999108e-01 1.334974e-02 -1.286076e-01 -6.207234e-02 1.328453e-02 9.979833e-01 5.831522e+01
-9.979982e-01 -2.305696e-03 -6.320146e-02 -2.753401e+00 1.440325e-03 -9.999047e-01 1.373442e-02 -1.302835e-01 -6.322709e-02 1.361589e-02 9.979064e-01 5.917554e+01
-9.978567e-01 -3.129325e-03 -6.536313e-02 -2.807383e+00 2.209067e-03 -9.998975e-01 1.414670e-02 -1.321663e-01 -6.540070e-02 1.397199e-02 9.977614e-01 6.001714e+01
-9.978099e-01 -3.918557e-03 -6.603146e-02 -2.868394e+00 2.961171e-03 -9.998893e-01 1.459058e-02 -1.339298e-01 -6.608132e-02 1.436309e-02 9.977109e-01 6.084241e+01
-9.977810e-01 -4.906471e-03 -6.640156e-02 -2.913910e+00 3.789358e-03 -9.998494e-01 1.693911e-02 -1.311715e-01 -6.647468e-02 1.664990e-02 9.976493e-01 6.158908e+01
-9.977633e-01 -5.822410e-03 -6.659312e-02 -2.976896e+00 4.654314e-03 -9.998329e-01 1.768250e-02 -1.309100e-01 -6.668494e-02 1.733301e-02 9.976236e-01 6.239116e+01
-9.977205e-01 -6.846440e-03 -6.713462e-02 -3.025856e+00 5.615870e-03 -9.998131e-01 1.850151e-02 -1.309644e-01 -6.724874e-02 1.808232e-02 9.975724e-01 6.316711e+01
-9.976152e-01 -7.987829e-03 -6.855871e-02 -3.088085e+00 6.691860e-03 -9.997950e-01 1.911197e-02 -1.307088e-01 -6.869731e-02 1.860760e-02 9.974641e-01 6.393334e+01
-9.971500e-01 -1.318628e-02 -7.428410e-02 -3.175183e+00 1.160468e-02 -9.996976e-01 2.168283e-02 -1.135701e-01 -7.454754e-02 2.075900e-02 9.970014e-01 6.465662e+01
-9.971763e-01 -1.437970e-02 -7.370793e-02 -3.226126e+00 1.281817e-02 -9.996842e-01 2.161480e-02 -1.128228e-01 -7.399547e-02 2.060896e-02 9.970457e-01 6.536532e+01
-9.970515e-01 -1.562767e-02 -7.512754e-02 -3.272343e+00 1.404733e-02 -9.996698e-01 2.151801e-02 -1.119118e-01 -7.543900e-02 2.039922e-02 9.969418e-01 6.606765e+01
-9.969456e-01 -1.692631e-02 -7.624412e-02 -3.327305e+00 1.531921e-02 -9.996490e-01 2.161423e-02 -1.108693e-01 -7.658320e-02 2.038021e-02 9.968549e-01 6.676516e+01
-9.969588e-01 -1.542093e-02 -7.639040e-02 -3.398846e+00 1.464577e-02 -9.998356e-01 1.069719e-02 -1.180578e-01 -7.654279e-02 9.545862e-03 9.970207e-01 6.739272e+01
-9.968859e-01 -1.648287e-02 -7.711650e-02 -3.441873e+00 1.569854e-02 -9.998189e-01 1.076587e-02 -1.254240e-01 -7.727998e-02 9.521732e-03 9.969640e-01 6.805760e+01
-9.970431e-01 -1.713100e-02 -7.491180e-02 -3.483191e+00 1.638359e-02 -9.998099e-01 1.058036e-02 -1.332291e-01 -7.507881e-02 9.321749e-03 9.971341e-01 6.870078e+01
-9.974743e-01 -1.753017e-02 -6.883164e-02 -3.518401e+00 1.687398e-02 -9.998066e-01 1.010319e-02 -1.410432e-01 -6.899543e-02 8.916203e-03 9.975772e-01 6.933836e+01
-9.977018e-01 -1.803067e-02 -6.531648e-02 -3.566943e+00 1.743490e-02 -9.998012e-01 9.679884e-03 -1.487527e-01 -6.547802e-02 8.518850e-03 9.978178e-01 6.994954e+01
-9.976121e-01 -1.515098e-03 -6.905133e-02 -3.644221e+00 1.524598e-03 -9.999989e-01 -8.487407e-05 -1.619347e-01 -6.905112e-02 -1.899469e-04 9.976132e-01 7.042964e+01
-9.979608e-01 -2.151070e-03 -6.379388e-02 -3.677754e+00 2.161917e-03 -9.999977e-01 -1.010046e-04 -1.751730e-01 -6.379350e-02 -2.387156e-04 9.979631e-01 7.098356e+01
-9.983200e-01 -2.574058e-03 -5.788521e-02 -3.696266e+00 2.571874e-03 -9.999968e-01 1.122225e-04 -1.883828e-01 -5.788530e-02 -3.683951e-05 9.983233e-01 7.152839e+01
-9.987752e-01 -2.764241e-03 -4.940281e-02 -3.710289e+00 2.742415e-03 -9.999962e-01 5.095663e-04 -2.017511e-01 -4.940402e-02 3.734592e-04 9.987789e-01 7.206735e+01
-9.991434e-01 -2.997196e-03 -4.127578e-02 -3.739392e+00 2.522396e-03 -9.999301e-01 1.155038e-02 -1.645712e-01 -4.130751e-02 1.143637e-02 9.990811e-01 7.252065e+01
-9.995571e-01 -3.592396e-03 -2.954262e-02 -3.755271e+00 3.241987e-03 -9.999240e-01 1.190048e-02 -1.717057e-01 -2.958312e-02 1.179943e-02 9.994927e-01 7.302777e+01
-9.998749e-01 -4.434887e-03 -1.518856e-02 -3.770246e+00 4.248668e-03 -9.999158e-01 1.227087e-02 -1.785058e-01 -1.524169e-02 1.220481e-02 9.998094e-01 7.351799e+01
-9.998921e-01 -1.200501e-02 8.478262e-03 -3.777174e+00 1.213266e-02 -9.998114e-01 1.516919e-02 -1.578238e-01 8.294556e-03 1.527042e-02 9.998490e-01 7.400260e+01
-9.995548e-01 -1.251643e-02 2.708684e-02 -3.775748e+00 1.293887e-02 -9.997965e-01 1.547718e-02 -1.627979e-01 2.688761e-02 1.582076e-02 9.995133e-01 7.448088e+01
-9.986148e-01 -1.293262e-02 5.100285e-02 -3.753455e+00 1.375357e-02 -9.997810e-01 1.577821e-02 -1.677981e-01 5.078761e-02 1.645782e-02 9.985739e-01 7.494293e+01
-9.970188e-01 -1.330792e-02 7.600432e-02 -3.722515e+00 1.457426e-02 -9.997637e-01 1.613114e-02 -1.724087e-01 7.577169e-02 1.719075e-02 9.969770e-01 7.540462e+01
-9.946987e-01 -1.366209e-02 1.019214e-01 -3.679826e+00 1.541936e-02 -9.997454e-01 1.647355e-02 -1.766410e-01 1.016704e-01 1.795778e-02 9.946561e-01 7.586341e+01
-9.872985e-01 -5.697642e-03 1.587744e-01 -3.507464e+00 9.271210e-03 -9.997200e-01 2.177559e-02 -1.567021e-01 1.586058e-01 2.297104e-02 9.870748e-01 7.627539e+01
-9.813067e-01 -5.995519e-03 1.923574e-01 -3.424320e+00 1.045636e-02 -9.996993e-01 2.218360e-02 -1.577372e-01 1.921665e-01 2.378027e-02 9.810743e-01 7.672995e+01
-9.734791e-01 -6.367827e-03 2.286877e-01 -3.330652e+00 1.181155e-02 -9.996784e-01 2.244334e-02 -1.584250e-01 2.284712e-01 2.454928e-02 9.732412e-01 7.718276e+01
-9.623490e-01 -6.736720e-03 2.717338e-01 -3.222210e+00 1.333332e-02 -9.996594e-01 2.243695e-02 -1.593576e-01 2.714900e-01 2.521528e-02 9.621109e-01 7.761581e+01
-9.323635e-01 -7.562452e-03 3.614436e-01 -2.945464e+00 1.605590e-02 -9.996609e-01 2.050124e-02 -1.422316e-01 3.611660e-01 2.491791e-02 9.321687e-01 7.792569e+01
-9.140211e-01 -7.872553e-03 4.055904e-01 -2.778317e+00 1.754499e-02 -9.996434e-01 2.013544e-02 -1.433612e-01 4.052873e-01 2.552029e-02 9.138332e-01 7.834885e+01
-8.888137e-01 -8.162488e-03 4.581961e-01 -2.578447e+00 1.920060e-02 -9.996267e-01 1.943778e-02 -1.458632e-01 4.578664e-01 2.607420e-02 8.886386e-01 7.870139e+01
-8.592954e-01 -8.311251e-03 5.114121e-01 -2.365309e+00 2.071167e-02 -9.996133e-01 1.855530e-02 -1.486207e-01 5.110602e-01 2.653668e-02 8.591353e-01 7.904053e+01
-8.003716e-01 -8.724046e-03 5.994408e-01 -2.005040e+00 1.969446e-02 -9.997371e-01 1.174617e-02 -1.374204e-01 5.991808e-01 2.120696e-02 8.003330e-01 7.911486e+01
-7.603279e-01 -8.647404e-03 6.494820e-01 -1.738117e+00 2.064707e-02 -9.997278e-01 1.086019e-02 -1.434382e-01 6.492112e-01 2.166720e-02 7.602995e-01 7.939040e+01
-7.162280e-01 -8.505826e-03 6.978146e-01 -1.467487e+00 2.162430e-02 -9.997162e-01 1.000914e-02 -1.492025e-01 6.975313e-01 2.225858e-02 7.162086e-01 7.965340e+01
-6.699544e-01 -8.251792e-03 7.423565e-01 -1.169243e+00 2.251006e-02 -9.997042e-01 9.202262e-03 -1.550277e-01 7.420610e-01 2.287558e-02 6.699420e-01 7.990205e+01
-6.165340e-01 -2.800339e-03 7.873235e-01 -8.150368e-01 2.003651e-02 -9.997256e-01 1.213430e-02 -1.395590e-01 7.870734e-01 2.325642e-02 6.164208e-01 8.008566e+01
-5.662295e-01 -2.245485e-03 8.242447e-01 -4.953087e-01 2.060206e-02 -9.997225e-01 1.142942e-02 -1.449579e-01 8.239902e-01 2.345281e-02 5.661186e-01 8.027431e+01
-5.144347e-01 -1.783044e-03 8.575278e-01 -1.660385e-01 2.120787e-02 -9.997185e-01 1.064400e-02 -1.500372e-01 8.572674e-01 2.366198e-02 5.143276e-01 8.045785e+01
-4.642145e-01 -1.458851e-03 8.857217e-01 1.618316e-01 2.193459e-02 -9.997109e-01 9.849509e-03 -1.555510e-01 8.854513e-01 2.400022e-02 4.641123e-01 8.060322e+01
-4.263333e-01 1.823778e-03 9.045644e-01 5.302936e-01 1.586608e-02 -9.998291e-01 9.493746e-03 -1.444898e-01 9.044270e-01 1.839939e-02 4.262315e-01 8.073145e+01
-3.798783e-01 2.180908e-03 9.250341e-01 8.941355e-01 1.621458e-02 -9.998279e-01 9.015994e-03 -1.488667e-01 9.248945e-01 1.842402e-02 3.797775e-01 8.086815e+01
-3.347682e-01 2.968495e-03 9.422958e-01 1.263403e+00 1.581953e-02 -9.998364e-01 8.769947e-03 -1.539415e-01 9.421678e-01 1.784258e-02 3.346665e-01 8.097051e+01
-3.035338e-01 8.360448e-03 9.527841e-01 1.603007e+00 7.268747e-04 -9.999593e-01 9.005964e-03 -1.494985e-01 9.528205e-01 3.426169e-03 3.035153e-01 8.102451e+01
-2.662772e-01 9.064191e-03 9.638540e-01 1.966295e+00 2.246472e-04 -9.999552e-01 9.465752e-03 -1.536103e-01 9.638966e-01 2.737040e-03 2.662632e-01 8.111072e+01
-2.290791e-01 9.323214e-03 9.733632e-01 2.340404e+00 3.157287e-04 -9.999534e-01 9.652209e-03 -1.572121e-01 9.734078e-01 2.518438e-03 2.290655e-01 8.121048e+01
-1.945074e-01 9.361176e-03 9.808565e-01 2.706287e+00 6.666152e-04 -9.999530e-01 9.675622e-03 -1.608938e-01 9.809009e-01 2.535834e-03 1.944920e-01 8.128755e+01
-1.640195e-01 9.322876e-03 9.864132e-01 3.087105e+00 9.143302e-04 -9.999535e-01 9.602883e-03 -1.645348e-01 9.864568e-01 2.476968e-03 1.640034e-01 8.134524e+01
-1.600298e-01 -3.884149e-03 9.871047e-01 3.483734e+00 1.580578e-02 -9.998742e-01 -1.371958e-03 -1.541334e-01 9.869857e-01 1.538240e-02 1.600710e-01 8.143272e+01
-1.363066e-01 -4.223321e-03 9.906578e-01 3.876331e+00 1.505871e-02 -9.998843e-01 -2.190697e-03 -1.613095e-01 9.905524e-01 1.461942e-02 1.363544e-01 8.148591e+01
-1.144824e-01 -5.820424e-03 9.934083e-01 4.294422e+00 1.459030e-02 -9.998849e-01 -4.176955e-03 -1.654220e-01 9.933182e-01 1.401594e-02 1.145541e-01 8.151875e+01
-9.376319e-02 -7.387665e-03 9.955673e-01 4.718009e+00 1.423892e-02 -9.998802e-01 -6.078639e-03 -1.698918e-01 9.954928e-01 1.360585e-02 9.385713e-02 8.155085e+01
-8.920842e-02 -2.160387e-02 9.957787e-01 5.217955e+00 4.808099e-04 -9.997656e-01 -2.164729e-02 -1.695053e-01 9.960129e-01 -1.452340e-03 8.919789e-02 8.158367e+01
-7.431751e-02 -2.263401e-02 9.969778e-01 5.685443e+00 -9.343505e-05 -9.997423e-01 -2.270373e-02 -1.824619e-01 9.972347e-01 -1.780437e-03 7.429624e-02 8.161515e+01
-6.138276e-02 -2.348557e-02 9.978381e-01 6.157514e+00 -6.949306e-04 -9.997219e-01 -2.357266e-02 -1.960452e-01 9.981141e-01 -2.140383e-03 6.134936e-02 8.165230e+01
-5.392832e-02 -1.020879e-02 9.984928e-01 6.693373e+00 1.991429e-03 -9.999469e-01 -1.011610e-02 -1.940117e-01 9.985429e-01 1.442883e-03 5.394578e-02 8.167593e+01
-4.323103e-02 -1.094098e-02 9.990053e-01 7.179142e+00 1.329074e-03 -9.999399e-01 -1.089370e-02 -2.020017e-01 9.990643e-01 8.568065e-04 4.324296e-02 8.169159e+01
-3.424120e-02 -1.166735e-02 9.993456e-01 7.707620e+00 6.208388e-04 -9.999319e-01 -1.165292e-02 -2.107827e-01 9.994135e-01 2.214226e-04 3.424612e-02 8.170516e+01
-2.819814e-02 -1.237705e-02 9.995258e-01 8.241179e+00 -1.127501e-04 -9.999234e-01 -1.238515e-02 -2.198961e-01 9.996024e-01 -4.619350e-04 2.819458e-02 8.170198e+01
-2.279444e-02 -9.948862e-03 9.996908e-01 8.819156e+00 -8.409604e-03 -9.999132e-01 -1.014283e-02 -2.243931e-01 9.997048e-01 -8.638203e-03 2.270879e-02 8.171590e+01
-1.731604e-02 -1.066023e-02 9.997934e-01 9.410279e+00 -9.085943e-03 -9.999003e-01 -1.081874e-02 -2.331493e-01 9.998088e-01 -9.271402e-03 1.721746e-02 8.172080e+01
-1.241959e-02 -1.133451e-02 9.998587e-01 1.001590e+01 -9.832042e-03 -9.998860e-01 -1.145694e-02 -2.425088e-01 9.998747e-01 -9.972943e-03 1.230673e-02 8.172562e+01
-7.911370e-03 -1.196292e-02 9.998972e-01 1.063249e+01 -1.061255e-02 -9.998711e-01 -1.204658e-02 -2.525414e-01 9.999124e-01 -1.070676e-02 7.783393e-03 8.172977e+01
-6.569495e-03 -1.129457e-02 9.999147e-01 1.129199e+01 -1.321242e-02 -9.998480e-01 -1.138062e-02 -2.550387e-01 9.998912e-01 -1.328606e-02 6.419269e-03 8.175696e+01
-2.472122e-03 -1.182183e-02 9.999272e-01 1.193258e+01 -1.413427e-02 -9.998298e-01 -1.185563e-02 -2.653200e-01 9.998971e-01 -1.416254e-02 2.304607e-03 8.176225e+01
-1.932270e-03 -1.229637e-02 9.999226e-01 1.259281e+01 -1.518261e-02 -9.998088e-01 -1.232431e-02 -2.763202e-01 9.998829e-01 -1.520525e-02 1.745209e-03 8.176522e+01
-2.955032e-03 -1.270695e-02 9.999149e-01 1.327960e+01 -1.629684e-02 -9.997859e-01 -1.275347e-02 -2.883253e-01 9.998628e-01 -1.633314e-02 2.747317e-03 8.178104e+01
-5.851333e-03 -9.414459e-03 9.999386e-01 1.403344e+01 -2.306576e-02 -9.996884e-01 -9.547076e-03 -2.846445e-01 9.997169e-01 -2.312020e-02 5.632359e-03 8.179108e+01
-7.797508e-03 -9.771218e-03 9.999219e-01 1.474265e+01 -2.424724e-02 -9.996564e-01 -9.957707e-03 -2.948958e-01 9.996757e-01 -2.432299e-02 7.557904e-03 8.180843e+01
-1.053448e-02 -1.009089e-02 9.998937e-01 1.546517e+01 -2.542806e-02 -9.996231e-01 -1.035606e-02 -3.052778e-01 9.996212e-01 -2.553445e-02 1.027392e-02 8.182101e+01
-1.305097e-02 -1.030713e-02 9.998618e-01 1.619865e+01 -2.662139e-02 -9.995888e-01 -1.065180e-02 -3.156754e-01 9.995605e-01 -2.675673e-02 1.277122e-02 8.182233e+01
-2.269353e-02 -6.982476e-03 9.997182e-01 1.703654e+01 -2.926588e-02 -9.995424e-01 -7.645581e-03 -3.151715e-01 9.993141e-01 -2.943113e-02 2.247879e-02 8.182188e+01
-2.564985e-02 -6.970137e-03 9.996468e-01 1.780688e+01 -3.015518e-02 -9.995153e-01 -7.742969e-03 -3.249623e-01 9.992161e-01 -3.034314e-02 2.542722e-02 8.186387e+01
-2.885642e-02 -6.874198e-03 9.995599e-01 1.859367e+01 -3.093088e-02 -9.994914e-01 -7.766674e-03 -3.344349e-01 9.991050e-01 -3.114138e-02 2.862911e-02 8.188831e+01
-3.215850e-02 -6.809849e-03 9.994597e-01 1.938710e+01 -3.152542e-02 -9.994724e-01 -7.824294e-03 -3.441596e-01 9.989855e-01 -3.176001e-02 3.192685e-02 8.191361e+01
-3.598111e-02 -6.872849e-03 9.993289e-01 2.018770e+01 -3.196707e-02 -9.994568e-01 -8.024711e-03 -3.546158e-01 9.988412e-01 -3.223436e-02 3.574186e-02 8.193951e+01
-4.196753e-02 -2.726682e-03 9.991153e-01 2.107109e+01 -2.278752e-02 -9.997336e-01 -3.685552e-03 -3.467963e-01 9.988592e-01 -2.292203e-02 4.189421e-02 8.198377e+01
-4.476739e-02 -3.160982e-03 9.989925e-01 2.188231e+01 -2.277782e-02 -9.997318e-01 -4.184053e-03 -3.540113e-01 9.987378e-01 -2.294218e-02 4.468339e-02 8.201534e+01
-4.725645e-02 -3.550639e-03 9.988765e-01 2.268931e+01 -2.264200e-02 -9.997330e-01 -4.624867e-03 -3.616268e-01 9.986262e-01 -2.283511e-02 4.716343e-02 8.205093e+01
-4.810461e-02 -3.828584e-03 9.988351e-01 2.349906e+01 -2.238789e-02 -9.997374e-01 -4.910259e-03 -3.701423e-01 9.985914e-01 -2.259801e-02 4.800625e-02 8.209860e+01
-3.828280e-02 -1.453868e-02 9.991613e-01 2.437251e+01 -8.347569e-03 -9.998547e-01 -1.486861e-02 -4.160353e-01 9.992322e-01 -8.909779e-03 3.815586e-02 8.217312e+01
-3.564601e-02 -1.464548e-02 9.992572e-01 2.521000e+01 -8.069137e-03 -9.998559e-01 -1.494210e-02 -4.338678e-01 9.993320e-01 -8.595768e-03 3.552270e-02 8.221504e+01
-3.429089e-02 -1.473953e-02 9.993033e-01 2.605058e+01 -7.706776e-03 -9.998577e-01 -1.501217e-02 -4.521985e-01 9.993823e-01 -8.216186e-03 3.417242e-02 8.226107e+01
-4.011071e-02 -1.024273e-02 9.991428e-01 2.684648e+01 -3.505619e-03 -9.999399e-01 -1.039163e-02 -4.752091e-01 9.991892e-01 -3.919429e-03 4.007239e-02 8.228828e+01
-4.038616e-02 -1.037310e-02 9.991304e-01 2.767310e+01 -2.863995e-03 -9.999409e-01 -1.049728e-02 -4.900038e-01 9.991801e-01 -3.285449e-03 4.035406e-02 8.234237e+01
-3.753815e-02 -1.046087e-02 9.992405e-01 2.849911e+01 -2.117211e-03 -9.999422e-01 -1.054775e-02 -5.050605e-01 9.992930e-01 -2.511546e-03 3.751383e-02 8.238004e+01
-3.167912e-02 -1.047251e-02 9.994433e-01 2.932242e+01 -1.294666e-03 -9.999439e-01 -1.051879e-02 -5.202856e-01 9.994973e-01 -1.627171e-03 3.166378e-02 8.242197e+01
-2.562681e-02 -1.032681e-02 9.996184e-01 3.013887e+01 -3.921459e-04 -9.999465e-01 -1.034026e-02 -5.357634e-01 9.996715e-01 -6.569840e-04 2.562139e-02 8.245632e+01
-2.044570e-02 -9.134948e-03 9.997493e-01 3.090645e+01 7.904810e-03 -9.999285e-01 -8.974927e-03 -5.585327e-01 9.997598e-01 7.719328e-03 2.051646e-02 8.248357e+01
-1.321223e-02 -8.841626e-03 9.998737e-01 3.170262e+01 8.855069e-03 -9.999228e-01 -8.725050e-03 -5.732551e-01 9.998736e-01 8.738672e-03 1.328950e-02 8.250888e+01
-6.554396e-03 -8.587009e-03 9.999417e-01 3.250524e+01 9.765205e-03 -9.999160e-01 -8.522780e-03 -5.879981e-01 9.999309e-01 9.708773e-03 6.637701e-03 8.251662e+01
-1.429684e-03 -5.418296e-03 9.999844e-01 3.332476e+01 1.299615e-02 -9.999010e-01 -5.399264e-03 -6.019506e-01 9.999146e-01 1.298823e-02 1.499959e-03 8.250378e+01
6.735972e-03 -5.132896e-03 9.999642e-01 3.409943e+01 1.379123e-02 -9.998913e-01 -5.225423e-03 -6.141111e-01 9.998823e-01 1.382593e-02 -6.664450e-03 8.250460e+01
1.478303e-02 -4.782474e-03 9.998794e-01 3.488363e+01 1.458482e-02 -9.998812e-01 -4.998116e-03 -6.262631e-01 9.997845e-01 1.465695e-02 -1.471152e-02 8.250173e+01
2.420394e-02 -4.389268e-03 9.996975e-01 3.566460e+01 1.530420e-02 -9.998716e-01 -4.760566e-03 -6.384788e-01 9.995900e-01 1.541480e-02 -2.413366e-02 8.249086e+01
3.437791e-02 -4.007441e-03 9.994010e-01 3.643717e+01 1.598200e-02 -9.998620e-01 -4.559046e-03 -6.508242e-01 9.992812e-01 1.612915e-02 -3.430912e-02 8.246350e+01
5.627050e-02 -2.073767e-03 9.984134e-01 3.729052e+01 1.259839e-02 -9.999168e-01 -2.786934e-03 -6.664671e-01 9.983361e-01 1.273522e-02 -5.623969e-02 8.236813e+01
6.647435e-02 -1.772693e-03 9.977866e-01 3.805913e+01 1.326085e-02 -9.999085e-01 -2.659925e-03 -6.774468e-01 9.977001e-01 1.340832e-02 -6.644475e-02 8.232519e+01
7.620657e-02 -1.525916e-03 9.970910e-01 3.884520e+01 1.389692e-02 -9.999001e-01 -2.592342e-03 -6.886008e-01 9.969953e-01 1.405405e-02 -7.617775e-02 8.226617e+01
8.894244e-02 -4.540783e-03 9.960265e-01 3.962460e+01 1.327107e-02 -9.998955e-01 -5.743491e-03 -7.183363e-01 9.959484e-01 1.372918e-02 -8.887288e-02 8.219757e+01
9.943176e-02 -4.355918e-03 9.950350e-01 4.037822e+01 1.371880e-02 -9.998894e-01 -5.748061e-03 -7.319635e-01 9.949499e-01 1.422223e-02 -9.936099e-02 8.212260e+01
1.099259e-01 -4.172130e-03 9.939311e-01 4.113116e+01 1.416876e-02 -9.998831e-01 -5.764138e-03 -7.456450e-01 9.938389e-01 1.471640e-02 -1.098540e-01 8.204541e+01
1.212086e-01 -3.955945e-03 9.926193e-01 4.187930e+01 1.455314e-02 -9.998776e-01 -5.761954e-03 -7.596075e-01 9.925205e-01 1.514413e-02 -1.211362e-01 8.194702e+01
1.243182e-01 -5.119740e-03 9.922293e-01 4.259481e+01 9.519882e-03 -9.999346e-01 -6.352261e-03 -7.774875e-01 9.921967e-01 1.023561e-02 -1.242613e-01 8.187191e+01
1.319157e-01 -4.775122e-03 9.912496e-01 4.332980e+01 9.698253e-03 -9.999344e-01 -6.107606e-03 -7.920269e-01 9.912136e-01 1.041908e-02 -1.318608e-01 8.177569e+01
1.387644e-01 -4.347905e-03 9.903160e-01 4.404441e+01 9.726724e-03 -9.999362e-01 -5.753064e-03 -8.066916e-01 9.902777e-01 1.043085e-02 -1.387133e-01 8.166354e+01
1.461737e-01 -3.870446e-03 9.892514e-01 4.475404e+01 9.703402e-03 -9.999387e-01 -5.346053e-03 -8.211297e-01 9.892114e-01 1.038056e-02 -1.461271e-01 8.155368e+01
1.528711e-01 -3.378571e-03 9.882405e-01 4.547698e+01 9.673945e-03 -9.999412e-01 -4.915038e-03 -8.353267e-01 9.881988e-01 1.031155e-02 -1.528295e-01 8.145999e+01
1.463105e-01 8.101299e-04 9.892384e-01 4.612104e+01 6.615447e-04 -9.999996e-01 7.210986e-04 -8.367069e-01 9.892386e-01 5.489212e-04 -1.463110e-01 8.141228e+01
1.482225e-01 1.176083e-03 9.889535e-01 4.678952e+01 5.916879e-04 -9.999993e-01 1.100538e-03 -8.470244e-01 9.889539e-01 4.220272e-04 -1.482231e-01 8.132346e+01
1.498737e-01 1.467948e-03 9.887041e-01 4.745713e+01 5.126508e-04 -9.999989e-01 1.407007e-03 -8.572466e-01 9.887051e-01 2.959866e-04 -1.498742e-01 8.123389e+01
1.479014e-01 1.703681e-03 9.890008e-01 4.809950e+01 3.910067e-04 -9.999986e-01 1.664153e-03 -8.672798e-01 9.890021e-01 1.405753e-04 -1.479019e-01 8.114130e+01
1.308165e-01 -1.134267e-03 9.914061e-01 4.864480e+01 -3.159477e-03 -9.999948e-01 -7.271989e-04 -8.826728e-01 9.914017e-01 -3.037194e-03 -1.308194e-01 8.106710e+01
1.231510e-01 -9.680928e-04 9.923875e-01 4.924930e+01 -3.161401e-03 -9.999949e-01 -5.831977e-04 -8.940293e-01 9.923830e-01 -3.065513e-03 -1.231534e-01 8.100491e+01
1.143005e-01 -7.708935e-04 9.934461e-01 4.982325e+01 -3.202973e-03 -9.999948e-01 -4.074587e-04 -9.057802e-01 9.934412e-01 -3.135408e-03 -1.143023e-01 8.096000e+01
1.016552e-01 -6.647074e-04 9.948196e-01 5.036485e+01 -3.204189e-03 -9.999949e-01 -3.407467e-04 -9.173250e-01 9.948146e-01 -3.152951e-03 -1.016568e-01 8.090892e+01
6.667618e-02 -3.263502e-03 9.977694e-01 5.081376e+01 -1.367346e-03 -9.999940e-01 -3.179406e-03 -9.267177e-01 9.977738e-01 -1.152306e-03 -6.668025e-02 8.092668e+01
4.867148e-02 -3.446603e-03 9.988090e-01 5.133243e+01 -1.177437e-03 -9.999936e-01 -3.393315e-03 -9.397116e-01 9.988142e-01 -1.010877e-03 -4.867522e-02 8.092413e+01
2.809818e-02 -3.725907e-03 9.995983e-01 5.186075e+01 -8.904738e-04 -9.999928e-01 -3.702346e-03 -9.526662e-01 9.996048e-01 -7.860869e-04 -2.810129e-02 8.093156e+01
5.123910e-03 -3.982509e-03 9.999791e-01 5.238276e+01 -5.719400e-04 -9.999920e-01 -3.979629e-03 -9.654744e-01 9.999868e-01 -5.515367e-04 -5.126147e-03 8.094563e+01
-4.521934e-02 -1.271049e-02 9.988964e-01 5.290672e+01 3.965210e-03 -9.999135e-01 -1.254393e-02 -9.728442e-01 9.989693e-01 3.393605e-03 4.526582e-02 8.098798e+01
-7.391816e-02 -1.265625e-02 9.971841e-01 5.343130e+01 4.575234e-03 -9.999133e-01 -1.235174e-02 -9.898025e-01 9.972539e-01 3.649333e-03 7.396965e-02 8.103828e+01
-1.055185e-01 -1.239968e-02 9.943401e-01 5.395061e+01 5.253504e-03 -9.999153e-01 -1.191170e-02 -1.006459e+00 9.944036e-01 3.966865e-03 1.055747e-01 8.109564e+01
-1.450983e-01 -1.199649e-02 9.893446e-01 5.445694e+01 6.139012e-03 -9.999182e-01 -1.122435e-02 -1.022591e+00 9.893983e-01 4.444964e-03 1.451601e-01 8.117500e+01
-2.334522e-01 -2.073035e-03 9.723662e-01 5.491330e+01 7.202344e-03 -9.999740e-01 -4.027072e-04 -9.987145e-01 9.723417e-01 6.909302e-03 2.334610e-01 8.142643e+01
-2.841338e-01 -1.715962e-03 9.587832e-01 5.539082e+01 7.699886e-03 -9.999703e-01 4.921724e-04 -1.008313e+00 9.587538e-01 7.522364e-03 2.841385e-01 8.159759e+01
-3.369054e-01 -1.439014e-03 9.415375e-01 5.583939e+01 7.972750e-03 -9.999675e-01 1.324531e-03 -1.017799e+00 9.415048e-01 7.952884e-03 3.369059e-01 8.177453e+01
-3.927281e-01 -1.388806e-03 9.196537e-01 5.626253e+01 8.057047e-03 -9.999657e-01 1.930586e-03 -1.026774e+00 9.196194e-01 8.167886e-03 3.927259e-01 8.197695e+01
-4.731314e-01 2.520261e-04 8.809919e-01 5.664402e+01 8.890836e-03 -9.999477e-01 5.060826e-03 -1.015721e+00 8.809471e-01 1.022719e-02 4.731044e-01 8.228135e+01
-5.289653e-01 -1.097796e-04 8.486436e-01 5.703957e+01 8.637599e-03 -9.999490e-01 5.254522e-03 -1.022326e+00 8.485996e-01 1.010970e-02 5.289392e-01 8.255048e+01
-5.839026e-01 -5.954399e-04 8.118237e-01 5.742719e+01 8.451179e-03 -9.999501e-01 5.345072e-03 -1.028347e+00 8.117799e-01 9.981867e-03 5.838785e-01 8.284593e+01
-6.516106e-01 -1.454024e-02 7.584144e-01 5.769731e+01 9.180458e-03 -9.998942e-01 -1.128225e-02 -1.028306e+00 7.584983e-01 -3.890417e-04 6.516751e-01 8.320429e+01
-7.013882e-01 -1.492480e-02 7.126233e-01 5.801041e+01 9.924521e-03 -9.998884e-01 -1.117307e-02 -1.041093e+00 7.127105e-01 -7.642150e-04 7.014580e-01 8.354485e+01
-7.483945e-01 -1.506827e-02 6.630828e-01 5.829658e+01 1.062629e-02 -9.998860e-01 -1.072852e-02 -1.053731e+00 6.631688e-01 -9.830575e-04 7.484692e-01 8.390263e+01
-7.910668e-01 -1.495041e-02 6.115472e-01 5.856907e+01 1.120584e-02 -9.998878e-01 -9.948801e-03 -1.065871e+00 6.116273e-01 -1.017266e-03 7.911455e-01 8.428900e+01
-8.317542e-01 -5.204684e-03 5.551198e-01 5.880934e+01 6.106019e-03 -9.999813e-01 -2.267620e-04 -1.050764e+00 5.551106e-01 3.200961e-03 8.317705e-01 8.469859e+01
-8.656870e-01 -4.845200e-03 5.005624e-01 5.903218e+01 6.045443e-03 -9.999815e-01 7.758299e-04 -1.058013e+00 5.005493e-01 3.697747e-03 8.657002e-01 8.511934e+01
-8.959106e-01 -4.505067e-03 4.442117e-01 5.922371e+01 6.016909e-03 -9.999799e-01 1.993724e-03 -1.064908e+00 4.441938e-01 4.458979e-03 8.959197e-01 8.556285e+01
-9.194969e-01 -4.349526e-03 3.930734e-01 5.940709e+01 6.130462e-03 -9.999759e-01 3.275520e-03 -1.071613e+00 3.930497e-01 5.421552e-03 9.195014e-01 8.600671e+01
-9.332684e-01 -1.342528e-03 3.591777e-01 5.953271e+01 9.363460e-03 -9.997441e-01 2.059270e-02 -1.057051e+00 3.590581e-01 2.258165e-02 9.330420e-01 8.643853e+01
-9.496619e-01 -1.818876e-03 3.132716e-01 5.969014e+01 9.123798e-03 -9.997196e-01 2.185374e-02 -1.054701e+00 3.131440e-01 2.361189e-02 9.494121e-01 8.689162e+01
-9.625535e-01 -2.436783e-03 2.710813e-01 5.982175e+01 8.982200e-03 -9.996973e-01 2.290753e-02 -1.051135e+00 2.709434e-01 2.448463e-02 9.622839e-01 8.735094e+01
-9.718691e-01 -2.859647e-03 2.355047e-01 5.994228e+01 8.728480e-03 -9.996768e-01 2.388154e-02 -1.047104e+00 2.353603e-01 2.526533e-02 9.715798e-01 8.782550e+01
-9.779921e-01 -3.131161e-03 2.086187e-01 6.004560e+01 8.478196e-03 -9.996580e-01 2.474140e-02 -1.042601e+00 2.084699e-01 2.596560e-02 9.776841e-01 8.830331e+01
-9.728748e-01 -8.963299e-03 2.311590e-01 6.015291e+01 1.443232e-02 -9.996543e-01 2.197896e-02 -1.027376e+00 2.308821e-01 2.471894e-02 9.726678e-01 8.879554e+01
-9.763750e-01 -9.678685e-03 2.158663e-01 6.025562e+01 1.493420e-02 -9.996302e-01 2.272829e-02 -1.022861e+00 2.155664e-01 2.541513e-02 9.761584e-01 8.928697e+01
-9.784331e-01 -1.069278e-02 2.062877e-01 6.035085e+01 1.584018e-02 -9.996027e-01 2.331709e-02 -1.017696e+00 2.059564e-01 2.608185e-02 9.782136e-01 8.978316e+01
-9.796687e-01 -1.201053e-02 2.002630e-01 6.043468e+01 1.709315e-02 -9.995738e-01 2.366993e-02 -1.011785e+00 1.998934e-01 2.661181e-02 9.794563e-01 9.028873e+01
-9.736598e-01 -2.256085e-02 2.268876e-01 6.058889e+01 2.762324e-02 -9.994348e-01 1.916163e-02 -9.943273e-01 2.263270e-01 2.492428e-02 9.737325e-01 9.085281e+01
-9.737125e-01 -2.376136e-02 2.265383e-01 6.070366e+01 2.883310e-02 -9.994017e-01 1.910497e-02 -9.905408e-01 2.259488e-01 2.513454e-02 9.738149e-01 9.136861e+01
-9.737710e-01 -2.490105e-02 2.261639e-01 6.081836e+01 2.992095e-02 -9.993756e-01 1.879455e-02 -9.866135e-01 2.255546e-01 2.506863e-02 9.739080e-01 9.188541e+01
-9.698796e-01 -2.744870e-02 2.420335e-01 6.101258e+01 2.901203e-02 -9.995749e-01 2.896884e-03 -9.921308e-01 2.418510e-01 9.831510e-03 9.702637e-01 9.251478e+01
-9.690858e-01 -2.877663e-02 2.450403e-01 6.115861e+01 3.026975e-02 -9.995391e-01 2.328667e-03 -9.962534e-01 2.448603e-01 9.673985e-03 9.695102e-01 9.307514e+01
-9.678441e-01 -3.014608e-02 2.497383e-01 6.130624e+01 3.162800e-02 -9.994980e-01 1.922094e-03 -1.000082e+00 2.495550e-01 9.759010e-03 9.683115e-01 9.365083e+01
-9.668017e-01 -3.129702e-02 2.536044e-01 6.146247e+01 3.283313e-02 -9.994592e-01 1.825797e-03 -1.004337e+00 2.534101e-01 1.009181e-02 9.673064e-01 9.424193e+01
-9.646494e-01 -3.196213e-02 2.615916e-01 6.163047e+01 3.520169e-02 -9.993505e-01 7.706362e-03 -9.863256e-01 2.611754e-01 1.664240e-02 9.651480e-01 9.491145e+01
-9.640722e-01 -3.260682e-02 2.636319e-01 6.179300e+01 3.604852e-02 -9.993162e-01 8.226816e-03 -9.867614e-01 2.631834e-01 1.743478e-02 9.645883e-01 9.551959e+01
-9.635046e-01 -3.301502e-02 2.656484e-01 6.195618e+01 3.666844e-02 -9.992887e-01 8.803654e-03 -9.868136e-01 2.651688e-01 1.822327e-02 9.640299e-01 9.613164e+01
-9.631210e-01 -3.325634e-02 2.670060e-01 6.213320e+01 3.706767e-02 -9.992700e-01 9.245457e-03 -9.865571e-01 2.665036e-01 1.880178e-02 9.636506e-01 9.676997e+01
-9.629402e-01 -1.760680e-02 2.691399e-01 6.232754e+01 2.274888e-02 -9.996132e-01 1.599846e-02 -9.524309e-01 2.687541e-01 2.152819e-02 9.629683e-01 9.742908e+01
-9.631371e-01 -1.791247e-02 2.684145e-01 6.247896e+01 2.301435e-02 -9.996092e-01 1.587285e-02 -9.464675e-01 2.680253e-01 2.146512e-02 9.631728e-01 9.808932e+01
-9.636806e-01 -1.837398e-02 2.664249e-01 6.265910e+01 2.337591e-02 -9.996048e-01 1.561489e-02 -9.408579e-01 2.660327e-01 2.127568e-02 9.637293e-01 9.874050e+01
-9.645587e-01 -1.876514e-02 2.632009e-01 6.283361e+01 2.370687e-02 -9.995971e-01 1.561198e-02 -9.346620e-01 2.628019e-01 2.129834e-02 9.646148e-01 9.940633e+01
-9.653041e-01 -2.050174e-02 2.603227e-01 6.305869e+01 2.236099e-02 -9.997413e-01 4.182181e-03 -9.443395e-01 2.601696e-01 9.858151e-03 9.655126e-01 1.001445e+02
-9.662143e-01 -2.062518e-02 2.569137e-01 6.324702e+01 2.262963e-02 -9.997322e-01 4.847623e-03 -9.464870e-01 2.567449e-01 1.049771e-02 9.664223e-01 1.008335e+02
-9.668660e-01 -2.091886e-02 2.544266e-01 6.343851e+01 2.307027e-02 -9.997189e-01 5.474576e-03 -9.485469e-01 2.542405e-01 1.116287e-02 9.670767e-01 1.015370e+02
-9.674727e-01 -2.149251e-02 2.520613e-01 6.361908e+01 2.373835e-02 -9.997010e-01 5.872054e-03 -9.496844e-01 2.518597e-01 1.166457e-02 9.676935e-01 1.022477e+02
-9.674010e-01 -2.420639e-02 2.520905e-01 6.380752e+01 2.809353e-02 -9.995353e-01 1.183131e-02 -9.269093e-01 2.516870e-01 1.852773e-02 9.676313e-01 1.030502e+02
-9.684654e-01 -2.477700e-02 2.479131e-01 6.398774e+01 2.861058e-02 -9.995202e-01 1.187208e-02 -9.222493e-01 2.474999e-01 1.859064e-02 9.687096e-01 1.037981e+02
-9.695749e-01 -2.509842e-02 2.435054e-01 6.417607e+01 2.890024e-02 -9.995096e-01 1.205242e-02 -9.178546e-01 2.430835e-01 1.872309e-02 9.698247e-01 1.045519e+02
-9.708829e-01 -2.527395e-02 2.382182e-01 6.437282e+01 2.905667e-02 -9.995012e-01 1.238059e-02 -9.132827e-01 2.377865e-01 1.894193e-02 9.711329e-01 1.053266e+02
-9.715407e-01 -1.991391e-02 2.360342e-01 6.456644e+01 2.235128e-02 -9.997209e-01 7.654937e-03 -9.184659e-01 2.358158e-01 1.271275e-02 9.717147e-01 1.061319e+02
-9.719326e-01 -2.001453e-02 2.344071e-01 6.476259e+01 2.253080e-02 -9.997137e-01 8.061275e-03 -9.172786e-01 2.341786e-01 1.311639e-02 9.721051e-01 1.068984e+02
-9.722242e-01 -2.003801e-02 2.331926e-01 6.495457e+01 2.264671e-02 -9.997073e-01 8.514583e-03 -9.153447e-01 2.329537e-01 1.355913e-02 9.723934e-01 1.077048e+02
-9.724540e-01 -2.013103e-02 2.322245e-01 6.514226e+01 2.284292e-02 -9.996986e-01 8.994408e-03 -9.129491e-01 2.319734e-01 1.405133e-02 9.726207e-01 1.085041e+02
-9.716392e-01 -1.033535e-02 2.362432e-01 6.535218e+01 1.431405e-02 -9.997831e-01 1.513263e-02 -8.927953e-01 2.360356e-01 1.808505e-02 9.715762e-01 1.093532e+02
-9.715528e-01 -1.093241e-02 2.365709e-01 6.553910e+01 1.497602e-02 -9.997708e-01 1.530232e-02 -8.850148e-01 2.363494e-01 1.840990e-02 9.714938e-01 1.101580e+02
-9.716567e-01 -1.192991e-02 2.360957e-01 6.573103e+01 1.601590e-02 -9.997532e-01 1.539629e-02 -8.771753e-01 2.358537e-01 1.874119e-02 9.716079e-01 1.109662e+02
-9.715997e-01 -1.322011e-02 2.362612e-01 6.592017e+01 1.737364e-02 -9.997289e-01 1.550700e-02 -8.693064e-01 2.359921e-01 1.917131e-02 9.715659e-01 1.117674e+02
