-1.000000e+00 1.762146e-12 0.000000e+00 0.000000e+00 1.762146e-12 -1.000000e+00 0.000000e+00 0.000000e+00 0.000000e+00 0.000000e+00 1.000000e+00 0.000000e+00
-9.997267e-01 -8.272997e-05 2.337909e-02 -1.762916e-01 7.424618e-05 -9.999999e-01 -3.637470e-04 2.300575e-04 2.337912e-02 -3.619117e-04 9.997266e-01 3.364930e-01
-9.988217e-01 -3.124150e-04 4.852909e-02 -2.167643e-01 2.731819e-04 -9.999996e-01 -8.150740e-04 -7.900430e-05 4.852933e-02 -8.008563e-04 9.988214e-01 9.359429e-01
-9.970922e-01 -4.625339e-04 7.620269e-02 -2.445599e-01 3.699961e-04 -9.999992e-01 -1.228477e-03 -1.406772e-03 7.620320e-02 -1.196710e-03 9.970917e-01 1.608590e+00
-9.936484e-01 -5.806943e-04 1.125278e-01 -1.440718e-01 3.955198e-04 -9.999985e-01 -1.667907e-03 -3.869784e-03 1.125286e-01 -1.612806e-03 9.936472e-01 2.417018e+00
-9.817154e-01 2.532419e-04 1.903544e-01 4.573219e-01 -2.099248e-03 -9.999527e-01 -9.496151e-03 -3.872060e-02 1.903430e-01 -9.722119e-03 9.816695e-01 4.452652e+00
-9.734269e-01 5.023638e-04 2.289976e-01 6.713433e-01 -2.872303e-03 -9.999458e-01 -1.001600e-02 -5.150953e-02 2.289802e-01 -1.040759e-02 9.733754e-01 5.345263e+00
-9.633380e-01 6.856559e-04 2.682897e-01 8.978148e-01 -3.645936e-03 -9.999378e-01 -1.053583e-02 -6.430238e-02 2.682658e-01 -1.112774e-02 9.632807e-01 6.194590e+00
-9.360950e-01 9.320326e-03 3.516237e-01 1.491749e+00 -1.449196e-02 -9.998220e-01 -1.207876e-02 -1.533549e-01 3.514486e-01 -1.640258e-02 9.360634e-01 7.710220e+00
-9.190648e-01 9.448937e-03 3.939932e-01 1.849251e+00 -1.538563e-02 -9.998106e-01 -1.191200e-02 -1.703711e-01 3.938060e-01 -1.700973e-02 9.190361e-01 8.628916e+00
-8.992337e-01 9.554748e-03 4.373643e-01 2.251876e+00 -1.628656e-02 -9.997995e-01 -1.164383e-02 -1.872725e-01 4.371653e-01 -1.759369e-02 8.992090e-01 9.512285e+00
-8.779933e-01 9.653077e-03 4.785757e-01 2.719258e+00 -1.716037e-02 -9.997887e-01 -1.131618e-02 -2.038196e-01 4.783653e-01 -1.814806e-02 8.779734e-01 1.035112e+01
-8.549982e-01 9.840893e-03 5.185375e-01 3.211636e+00 -1.814024e-02 -9.997756e-01 -1.093689e-02 -2.213666e-01 5.183135e-01 -1.875742e-02 8.549849e-01 1.119764e+01
-8.240604e-01 1.040432e-02 5.664063e-01 3.871678e+00 -1.831154e-02 -9.997981e-01 -8.276023e-03 -2.443778e-01 5.662059e-01 -1.719172e-02 8.240845e-01 1.213015e+01
-7.978632e-01 1.065886e-02 6.027442e-01 4.436943e+00 -1.930946e-02 -9.997825e-01 -7.880235e-03 -2.589795e-01 6.025291e-01 -1.792601e-02 7.978956e-01 1.287803e+01
-7.677836e-01 1.083465e-02 6.406175e-01 5.046873e+00 -2.025053e-02 -9.997678e-01 -7.361486e-03 -2.739216e-01 6.403890e-01 -1.862488e-02 7.678248e-01 1.363260e+01
-7.343932e-01 1.530082e-02 6.785517e-01 5.682130e+00 -2.617266e-02 -9.996407e-01 -5.785419e-03 -3.143158e-01 6.782194e-01 -2.200828e-02 7.345298e-01 1.438145e+01
-6.992739e-01 1.544266e-02 7.146870e-01 6.337661e+00 -2.717525e-02 -9.996182e-01 -4.989841e-03 -3.278120e-01 7.143371e-01 -2.291106e-02 6.994266e-01 1.506632e+01
-6.621470e-01 1.548134e-02 7.492140e-01 7.068367e+00 -2.811095e-02 -9.995961e-01 -4.189052e-03 -3.401446e-01 7.488465e-01 -2.383488e-02 6.623148e-01 1.572291e+01
-6.254998e-01 1.545350e-02 7.800713e-01 7.818914e+00 -2.907906e-02 -9.995710e-01 -3.515170e-03 -3.519941e-01 7.796822e-01 -2.488248e-02 6.256808e-01 1.633018e+01
-5.879878e-01 1.533542e-02 8.087243e-01 8.579918e+00 -3.011851e-02 -9.995420e-01 -2.944054e-03 -3.640674e-01 8.083088e-01 -2.608865e-02 5.881805e-01 1.691414e+01
-5.581616e-01 1.416789e-02 8.296112e-01 9.373426e+00 -3.333022e-02 -9.994300e-01 -5.356531e-03 -3.989310e-01 8.290625e-01 -3.064094e-02 5.583156e-01 1.750797e+01
-5.210988e-01 1.404386e-02 8.533808e-01 1.018291e+01 -3.461471e-02 -9.993898e-01 -4.690043e-03 -4.110335e-01 8.527942e-01 -3.198351e-02 5.212669e-01 1.797956e+01
-4.856618e-01 1.394405e-02 8.740356e-01 1.102239e+01 -3.599761e-02 -9.993436e-01 -4.059061e-03 -4.241719e-01 8.734053e-01 -3.343452e-02 4.858449e-01 1.846491e+01
-4.537113e-01 1.445799e-02 8.910314e-01 1.182775e+01 -4.533096e-02 -9.989484e-01 -6.873363e-03 -4.514279e-01 8.899950e-01 -4.350983e-02 4.538896e-01 1.887293e+01
-4.189298e-01 1.420666e-02 9.079074e-01 1.271623e+01 -4.666336e-02 -9.988933e-01 -5.901183e-03 -4.661738e-01 9.068188e-01 -4.483819e-02 4.191290e-01 1.929257e+01
-3.849833e-01 1.401996e-02 9.228171e-01 1.359730e+01 -4.800200e-02 -9.988354e-01 -4.850734e-03 -4.811195e-01 9.216744e-01 -4.616452e-02 3.852080e-01 1.969971e+01
-3.518184e-01 1.381416e-02 9.359663e-01 1.446444e+01 -4.925440e-02 -9.987791e-01 -3.772907e-03 -4.944927e-01 9.347715e-01 -4.742784e-02 3.520693e-01 2.005055e+01
-3.221707e-01 1.659962e-02 9.465361e-01 1.538993e+01 -5.203504e-02 -9.986452e-01 -1.975996e-04 -4.977971e-01 9.452505e-01 -4.931671e-02 3.225980e-01 2.039917e+01
-2.913093e-01 1.613746e-02 9.564927e-01 1.637483e+01 -5.284736e-02 -9.986023e-01 7.527287e-04 -5.060235e-01 9.551681e-01 -5.032884e-02 2.917550e-01 2.071441e+01
-2.590586e-01 1.568548e-02 9.657343e-01 1.733891e+01 -5.366565e-02 -9.985573e-01 1.822764e-03 -5.127391e-01 9.643695e-01 -5.135455e-02 2.595266e-01 2.097817e+01
-2.290578e-01 1.528594e-02 9.732928e-01 1.834563e+01 -5.448593e-02 -9.985104e-01 2.859097e-03 -5.181663e-01 9.718866e-01 -5.237586e-02 2.295495e-01 2.121685e+01
-2.030190e-01 1.255096e-02 9.790943e-01 1.944920e+01 -5.018290e-02 -9.987372e-01 2.397141e-03 -5.180870e-01 9.778880e-01 -4.864713e-02 2.033925e-01 2.148893e+01
-1.734651e-01 1.220145e-02 9.847645e-01 2.046678e+01 -5.086980e-02 -9.986994e-01 3.413452e-03 -5.243404e-01 9.835253e-01 -4.950266e-02 1.738602e-01 2.170089e+01
-1.446733e-01 1.186373e-02 9.894084e-01 2.151234e+01 -5.161918e-02 -9.986570e-01 4.426769e-03 -5.280418e-01 9.881321e-01 -5.043201e-02 1.450914e-01 2.186101e+01
-1.177887e-01 1.153592e-02 9.929717e-01 2.261763e+01 -5.249512e-02 -9.986067e-01 5.374292e-03 -5.308524e-01 9.916502e-01 -5.149313e-02 1.182301e-01 2.200823e+01
-9.651633e-02 1.486317e-02 9.952204e-01 2.373686e+01 -5.322065e-02 -9.985352e-01 9.751338e-03 -5.009555e-01 9.939075e-01 -5.202511e-02 9.716597e-02 2.211788e+01
-7.281827e-02 1.458900e-02 9.972385e-01 2.480746e+01 -5.436680e-02 -9.984643e-01 1.063707e-02 -4.984907e-01 9.958623e-01 -5.344210e-02 7.349961e-02 2.221504e+01
-5.228492e-02 1.436214e-02 9.985289e-01 2.586007e+01 -5.569161e-02 -9.983824e-01 1.144391e-02 -4.965310e-01 9.970781e-01 -5.501134e-02 5.300020e-02 2.231214e+01
-3.317853e-02 1.413002e-02 9.993495e-01 2.687527e+01 -5.708300e-02 -9.982947e-01 1.221994e-02 -4.960122e-01 9.978180e-01 -5.664044e-02 3.392853e-02 2.241959e+01
-1.641944e-02 1.394159e-02 9.997680e-01 2.796978e+01 -5.852812e-02 -9.982016e-01 1.295852e-02 -4.912901e-01 9.981508e-01 -5.830177e-02 1.720589e-02 2.246573e+01
-1.224498e-02 1.733899e-02 9.997747e-01 2.913760e+01 -7.342296e-02 -9.971662e-01 1.639449e-02 -4.670905e-01 9.972257e-01 -7.320566e-02 1.348336e-02 2.252617e+01
-8.833613e-04 1.721486e-02 9.998514e-01 3.030940e+01 -7.472436e-02 -9.970576e-01 1.710074e-02 -4.541047e-01 9.972038e-01 -7.469815e-02 2.167132e-03 2.251437e+01
1.093989e-02 1.696093e-02 9.997963e-01 3.146466e+01 -7.592537e-02 -9.969556e-01 1.774352e-02 -4.427687e-01 9.970535e-01 -7.610402e-02 -9.618818e-03 2.251889e+01
1.686419e-02 1.946853e-02 9.996682e-01 3.282417e+01 -7.691589e-02 -9.968224e-01 2.071066e-02 -4.020296e-01 9.968949e-01 -7.723963e-02 -1.531317e-02 2.239641e+01
2.662219e-02 1.894789e-02 9.994660e-01 3.400365e+01 -7.803953e-02 -9.967296e-01 2.097471e-02 -3.858657e-01 9.965948e-01 -7.855625e-02 -2.505644e-02 2.238597e+01
3.314448e-02 1.838976e-02 9.992813e-01 3.519701e+01 -7.914894e-02 -9.966423e-01 2.096643e-02 -3.698809e-01 9.963117e-01 -7.978698e-02 -3.157767e-02 2.237791e+01
3.908627e-02 1.783268e-02 9.990767e-01 3.642992e+01 -8.022792e-02 -9.965569e-01 2.092642e-02 -3.514095e-01 9.960099e-01 -8.097178e-02 -3.752102e-02 2.234398e+01
4.508559e-02 1.007652e-02 9.989323e-01 3.773975e+01 -7.733205e-02 -9.969133e-01 1.354644e-02 -3.458336e-01 9.959854e-01 -7.786022e-02 -4.416719e-02 2.230676e+01
4.956968e-02 9.439184e-03 9.987261e-01 3.902254e+01 -7.834426e-02 -9.968375e-01 1.330979e-02 -3.364413e-01 9.956933e-01 -7.890421e-02 -4.867341e-02 2.226794e+01
5.340454e-02 8.799293e-03 9.985342e-01 4.034217e+01 -7.930984e-02 -9.967649e-01 1.302542e-02 -3.248753e-01 9.954184e-01 -7.988920e-02 -5.253389e-02 2.219967e+01
5.897038e-02 8.253447e-03 9.982256e-01 4.165260e+01 -8.019823e-02 -9.966944e-01 1.297851e-02 -3.154286e-01 9.950330e-01 -8.082127e-02 -5.811354e-02 2.214982e+01
6.333736e-02 6.435781e-03 9.979715e-01 4.305184e+01 -7.700914e-02 -9.969662e-01 1.131677e-02 -2.834914e-01 9.950166e-01 -7.756969e-02 -6.264959e-02 2.203714e+01
6.778938e-02 6.112883e-03 9.976809e-01 4.441095e+01 -7.786692e-02 -9.968986e-01 1.139891e-02 -2.722650e-01 9.946564e-01 -7.845906e-02 -6.710315e-02 2.193491e+01
7.202305e-02 5.815259e-03 9.973860e-01 4.577145e+01 -7.874420e-02 -9.968286e-01 1.149827e-02 -2.601879e-01 9.942897e-01 -7.936649e-02 -7.133671e-02 2.181789e+01
7.260416e-02 5.541346e-03 9.973454e-01 4.713743e+01 -7.964388e-02 -9.967589e-01 1.133595e-02 -2.509359e-01 9.941757e-01 -8.025550e-02 -7.192750e-02 2.173870e+01
6.548744e-02 1.085689e-02 9.977943e-01 4.874006e+01 -7.906562e-02 -9.967405e-01 1.603468e-02 -1.898472e-01 9.947160e-01 -7.994130e-02 -6.441558e-02 2.168607e+01
6.666097e-02 1.058919e-02 9.977195e-01 5.021435e+01 -7.989045e-02 -9.966766e-01 1.591587e-02 -1.731705e-01 9.945722e-01 -8.076922e-02 -6.559346e-02 2.161878e+01
6.643955e-02 1.029621e-02 9.977373e-01 5.172688e+01 -8.063878e-02 -9.966204e-01 1.565443e-02 -1.539242e-01 9.945266e-01 -8.149640e-02 -6.538474e-02 2.151738e+01
6.468518e-02 1.004440e-02 9.978552e-01 5.321079e+01 -8.132777e-02 -9.965699e-01 1.530348e-02 -1.360521e-01 9.945862e-01 -8.214324e-02 -6.364643e-02 2.142495e+01
5.866207e-02 8.491981e-03 9.982417e-01 5.472515e+01 -8.007033e-02 -9.967020e-01 1.318425e-02 -1.023721e-01 9.950615e-01 -8.070297e-02 -5.778865e-02 2.131841e+01
5.594865e-02 8.326841e-03 9.983989e-01 5.624720e+01 -8.072224e-02 -9.966540e-01 1.283583e-02 -8.799299e-02 9.951651e-01 -8.131114e-02 -5.508928e-02 2.124331e+01
5.517381e-02 8.141725e-03 9.984436e-01 5.776627e+01 -8.130983e-02 -9.966090e-01 1.261993e-02 -7.365286e-02 9.951605e-01 -8.187956e-02 -5.432472e-02 2.116881e+01
5.709534e-02 7.962107e-03 9.983370e-01 5.928402e+01 -8.184613e-02 -9.965650e-01 1.262879e-02 -6.163549e-02 9.950082e-01 -8.243106e-02 -5.624755e-02 2.111936e+01
6.284028e-02 8.549272e-03 9.979870e-01 6.099646e+01 -8.048851e-02 -9.966626e-01 1.360605e-02 -1.308727e-02 9.947727e-01 -8.118148e-02 -6.194245e-02 2.096141e+01
6.379337e-02 8.509341e-03 9.979268e-01 6.262403e+01 -8.100756e-02 -9.966196e-01 1.367668e-02 5.512272e-03 9.946699e-01 -8.171210e-02 -6.288841e-02 2.085453e+01
6.420740e-02 8.606146e-03 9.978995e-01 6.430634e+01 -8.151944e-02 -9.965757e-01 1.383990e-02 2.234993e-02 9.946014e-01 -8.223683e-02 -6.328596e-02 2.077339e+01
6.610386e-02 8.693896e-03 9.977749e-01 6.600996e+01 -8.206882e-02 -9.965267e-01 1.412018e-02 4.088118e-02 9.944320e-01 -8.281961e-02 -6.516075e-02 2.067292e+01
5.708166e-02 1.223242e-02 9.982945e-01 6.779607e+01 -8.472273e-02 -9.962587e-01 1.705185e-02 8.852038e-02 9.947682e-01 -8.555160e-02 -5.583174e-02 2.063607e+01
5.658687e-02 1.231409e-02 9.983218e-01 6.950076e+01 -8.524176e-02 -9.962132e-01 1.711975e-02 1.113148e-01 9.947521e-01 -8.606745e-02 -5.532292e-02 2.055605e+01
5.446345e-02 1.242992e-02 9.984384e-01 7.125197e+01 -8.576466e-02 -9.961690e-01 1.708001e-02 1.368826e-01 9.948257e-01 -8.656096e-02 -5.318875e-02 2.045063e+01
5.287708e-02 1.261219e-02 9.985214e-01 7.302025e+01 -8.621486e-02 -9.961290e-01 1.714751e-02 1.614529e-01 9.948723e-01 -8.699409e-02 -5.158503e-02 2.036262e+01
5.142832e-02 1.187787e-02 9.986060e-01 7.473961e+01 -8.716034e-02 -9.960604e-01 1.633636e-02 1.648630e-01 9.948659e-01 -8.787899e-02 -5.019043e-02 2.032376e+01
5.071843e-02 1.205850e-02 9.986402e-01 7.655219e+01 -8.775130e-02 -9.960060e-01 1.648336e-02 1.913802e-01 9.948504e-01 -8.846798e-02 -4.945772e-02 2.021374e+01
5.081890e-02 1.222984e-02 9.986330e-01 7.836323e+01 -8.828588e-02 -9.959554e-01 1.668978e-02 2.163480e-01 9.947981e-01 -8.901335e-02 -4.953363e-02 2.012230e+01
5.204899e-02 1.235713e-02 9.985681e-01 8.014107e+01 -8.878252e-02 -9.959068e-01 1.695186e-02 2.388034e-01 9.946902e-01 -8.953771e-02 -5.073885e-02 2.005942e+01
5.143799e-02 1.246693e-02 9.985983e-01 8.196017e+01 -8.923149e-02 -9.958654e-01 1.702913e-02 2.622918e-01 9.946818e-01 -8.998237e-02 -5.011287e-02 1.999306e+01
5.276828e-02 1.245287e-02 9.985292e-01 8.355577e+01 -9.005859e-02 -9.957883e-01 1.717792e-02 2.967875e-01 9.945376e-01 -9.083257e-02 -5.142455e-02 1.987503e+01
5.389369e-02 1.258924e-02 9.984673e-01 8.537328e+01 -9.037662e-02 -9.957551e-01 1.743325e-02 3.221205e-01 9.944484e-01 -9.117764e-02 -5.252715e-02 1.979109e+01
5.467002e-02 1.277754e-02 9.984227e-01 8.720715e+01 -9.067539e-02 -9.957231e-01 1.770804e-02 3.471576e-01 9.943788e-01 -9.150046e-02 -5.327759e-02 1.971388e+01
5.778660e-02 1.132828e-02 9.982646e-01 8.909191e+01 -8.653859e-02 -9.961149e-01 1.631335e-02 3.683583e-01 9.945711e-01 -8.733112e-02 -5.658177e-02 1.957471e+01
5.975096e-02 1.149613e-02 9.981471e-01 9.089919e+01 -8.668380e-02 -9.960965e-01 1.666157e-02 3.892534e-01 9.944424e-01 -8.751874e-02 -5.852120e-02 1.951388e+01
6.056941e-02 1.164258e-02 9.980960e-01 9.277724e+01 -8.673195e-02 -9.960886e-01 1.688248e-02 4.159592e-01 9.943887e-01 -8.758938e-02 -5.932271e-02 1.939932e+01
6.215674e-02 1.177211e-02 9.979970e-01 9.462080e+01 -8.674420e-02 -9.960830e-01 1.715209e-02 4.418404e-01 9.942896e-01 -8.763657e-02 -6.089211e-02 1.929283e+01
6.735778e-02 1.146092e-02 9.976631e-01 9.656009e+01 -8.171093e-02 -9.965116e-01 1.696445e-02 4.738290e-01 9.943773e-01 -8.266267e-02 -6.618633e-02 1.915699e+01
7.299884e-02 1.163934e-02 9.972641e-01 9.846049e+01 -8.149569e-02 -9.965183e-01 1.759604e-02 4.994033e-01 9.939968e-01 -8.255721e-02 -7.179613e-02 1.905422e+01
7.887021e-02 1.178615e-02 9.968153e-01 1.003783e+02 -8.119695e-02 -9.965317e-01 1.820728e-02 5.253192e-01 9.935727e-01 -8.237436e-02 -7.763966e-02 1.895025e+01
8.308505e-02 1.186711e-02 9.964718e-01 1.023079e+02 -8.093508e-02 -9.965455e-01 1.861630e-02 5.544014e-01 9.932504e-01 -8.219626e-02 -8.183756e-02 1.880782e+01
8.728385e-02 1.189766e-02 9.961125e-01 1.041911e+02 -8.067031e-02 -9.965603e-01 1.897171e-02 5.836349e-01 9.929118e-01 -8.201262e-02 -8.602382e-02 1.865453e+01
9.215630e-02 1.156156e-02 9.956774e-01 1.062770e+02 -7.659800e-02 -9.968873e-01 1.866524e-02 6.179345e-01 9.927940e-01 -7.798703e-02 -9.098385e-02 1.839341e+01
9.737795e-02 1.159633e-02 9.951799e-01 1.082357e+02 -7.624058e-02 -9.969069e-01 1.907656e-02 6.468282e-01 9.923230e-01 -7.773072e-02 -9.619265e-02 1.823535e+01
1.037033e-01 1.168279e-02 9.945397e-01 1.101982e+02 -7.573491e-02 -9.969352e-01 1.960801e-02 6.750161e-01 9.917207e-01 -7.735477e-02 -1.025007e-01 1.808779e+01
1.117514e-01 8.822000e-03 9.936970e-01 1.122766e+02 -7.352541e-02 -9.971464e-01 1.712131e-02 6.661397e-01 9.910125e-01 -7.497532e-02 -1.107838e-01 1.786963e+01
1.169034e-01 8.986331e-03 9.931026e-01 1.142681e+02 -7.308847e-02 -9.971697e-01 1.762677e-02 6.961204e-01 9.904502e-01 -7.464498e-02 -1.159158e-01 1.761894e+01
1.240773e-01 9.098754e-03 9.922309e-01 1.162563e+02 -7.268482e-02 -9.971883e-01 1.823337e-02 7.261903e-01 9.896068e-01 -7.438248e-02 -1.230671e-01 1.736428e+01
1.308890e-01 9.217619e-03 9.913542e-01 1.182583e+02 -7.227128e-02 -9.972075e-01 1.881406e-02 7.552193e-01 9.887593e-01 -7.410899e-02 -1.298573e-01 1.712104e+01
1.362675e-01 9.800583e-03 9.906236e-01 1.203039e+02 -7.158475e-02 -9.972397e-01 1.971305e-02 7.755460e-01 9.880824e-01 -7.359979e-02 -1.351898e-01 1.690073e+01
1.429522e-01 9.940968e-03 9.896796e-01 1.223306e+02 -7.119259e-02 -9.972560e-01 2.030033e-02 8.073536e-01 9.871658e-01 -7.335984e-02 -1.418522e-01 1.663795e+01
1.476061e-01 1.005222e-02 9.889951e-01 1.243522e+02 -7.079005e-02 -9.972764e-01 2.070171e-02 8.390568e-01 9.865096e-01 -7.306672e-02 -1.464925e-01 1.637614e+01
1.532664e-01 1.013858e-02 9.881330e-01 1.263886e+02 -7.030784e-02 -9.973013e-01 2.113790e-02 8.723266e-01 9.856805e-01 -7.271323e-02 -1.521400e-01 1.609897e+01
1.554075e-01 8.612331e-03 9.878129e-01 1.284682e+02 -6.982324e-02 -9.973652e-01 1.968054e-02 8.911829e-01 9.853798e-01 -7.203081e-02 -1.543967e-01 1.574699e+01
1.579970e-01 8.802053e-03 9.874004e-01 1.305300e+02 -6.959786e-02 -9.973741e-01 2.002753e-02 9.246674e-01 9.849837e-01 -7.188524e-02 -1.569695e-01 1.541856e+01
1.623832e-01 8.975327e-03 9.866869e-01 1.325690e+02 -6.939444e-02 -9.973788e-01 2.049312e-02 9.569263e-01 9.842846e-01 -7.179833e-02 -1.613347e-01 1.510959e+01
1.669741e-01 9.143214e-03 9.859189e-01 1.346363e+02 -6.922728e-02 -9.973804e-01 2.097376e-02 9.915847e-01 9.835280e-01 -7.175455e-02 -1.659038e-01 1.477196e+01
1.749441e-01 9.736407e-03 9.845302e-01 1.367654e+02 -7.342468e-02 -9.970376e-01 2.290715e-02 1.023226e+00 9.818367e-01 -7.629628e-02 -1.737110e-01 1.442607e+01
1.813941e-01 9.908047e-03 9.833606e-01 1.387968e+02 -7.310814e-02 -9.970464e-01 2.353172e-02 1.059927e+00 9.806892e-01 -7.616019e-02 -1.801340e-01 1.409415e+01
1.862164e-01 1.006028e-02 9.824573e-01 1.408430e+02 -7.268684e-02 -9.970663e-01 2.398705e-02 1.100160e+00 9.798163e-01 -7.587849e-02 -1.849389e-01 1.372600e+01
1.987894e-01 1.022862e-02 9.799889e-01 1.428882e+02 -7.206279e-02 -9.970861e-01 2.502491e-02 1.142879e+00 9.773893e-01 -7.559542e-02 -1.974730e-01 1.332781e+01
2.036381e-01 9.192159e-03 9.790031e-01 1.451091e+02 -6.927148e-02 -9.973146e-01 2.377294e-02 1.180905e+00 9.765925e-01 -7.265807e-02 -2.024545e-01 1.290794e+01
2.127975e-01 9.362308e-03 9.770514e-01 1.471896e+02 -6.870485e-02 -9.973357e-01 2.452029e-02 1.223668e+00 9.746778e-01 -7.234603e-02 -2.115873e-01 1.246854e+01
2.182249e-01 9.534398e-03 9.758519e-01 1.492805e+02 -6.823479e-02 -9.973560e-01 2.500351e-02 1.268224e+00 9.735101e-01 -7.204344e-02 -2.169974e-01 1.200711e+01
2.226661e-01 9.755708e-03 9.748459e-01 1.513830e+02 -6.781500e-02 -9.973727e-01 2.547087e-02 1.313664e+00 9.725332e-01 -7.178068e-02 -2.214195e-01 1.153466e+01
2.070405e-01 9.535698e-03 9.782859e-01 1.537027e+02 -6.756396e-02 -9.974258e-01 2.402122e-02 1.335824e+00 9.759966e-01 -7.107023e-02 -2.058632e-01 1.123567e+01
2.125075e-01 9.774477e-03 9.771106e-01 1.557902e+02 -6.727254e-02 -9.974311e-01 2.460856e-02 1.379216e+00 9.748409e-01 -7.096221e-02 -2.113040e-01 1.077280e+01
2.162172e-01 9.985382e-03 9.762942e-01 1.579023e+02 -6.702252e-02 -9.974371e-01 2.504492e-02 1.421804e+00 9.740421e-01 -7.084884e-02 -2.149938e-01 1.032781e+01
2.204233e-01 1.014097e-02 9.753516e-01 1.600473e+02 -6.683937e-02 -9.974385e-01 2.547590e-02 1.464680e+00 9.731115e-01 -7.080738e-02 -2.191809e-01 9.879088e+00
2.197701e-01 8.879361e-03 9.755113e-01 1.624174e+02 -6.908268e-02 -9.973065e-01 2.464118e-02 1.493980e+00 9.731026e-01 -7.280633e-02 -2.185647e-01 9.456323e+00
2.229689e-01 8.985887e-03 9.747841e-01 1.645585e+02 -6.899513e-02 -9.973043e-01 2.497520e-02 1.536193e+00 9.723809e-01 -7.282406e-02 -2.217478e-01 8.991015e+00
2.265127e-01 9.106217e-03 9.739656e-01 1.667565e+02 -6.888772e-02 -9.973024e-01 2.534545e-02 1.582236e+00 9.715691e-01 -7.283534e-02 -2.252743e-01 8.485509e+00
2.309825e-01 6.276330e-03 9.729376e-01 1.689385e+02 -6.931622e-02 -9.973321e-01 2.288987e-02 1.607484e+00 9.704856e-01 -7.272753e-02 -2.299312e-01 7.986550e+00
2.339917e-01 6.424221e-03 9.722173e-01 1.711395e+02 -6.930991e-02 -9.973237e-01 2.327152e-02 1.645985e+00 9.697649e-01 -7.282964e-02 -2.329202e-01 7.498914e+00
2.392337e-01 6.580274e-03 9.709398e-01 1.733007e+02 -6.936267e-02 -9.973063e-01 2.384951e-02 1.687979e+00 9.684812e-01 -7.305258e-02 -2.381328e-01 6.960948e+00
2.440223e-01 6.733207e-03 9.697462e-01 1.754387e+02 -6.944468e-02 -9.972874e-01 2.439916e-02 1.729576e+00 9.672800e-01 -7.329765e-02 -2.428928e-01 6.440986e+00
2.472355e-01 6.929775e-03 9.689306e-01 1.776026e+02 -6.952012e-02 -9.972705e-01 2.487144e-02 1.773592e+00 9.664582e-01 -7.350928e-02 -2.460789e-01 5.895524e+00
2.478117e-01 7.060324e-03 9.687825e-01 1.799250e+02 -7.370590e-02 -9.969379e-01 2.611927e-02 1.819449e+00 9.660004e-01 -7.787765e-02 -2.465325e-01 5.283227e+00
2.486994e-01 7.180180e-03 9.685541e-01 1.821175e+02 -7.377403e-02 -9.969273e-01 2.633377e-02 1.865665e+00 9.657670e-01 -7.800334e-02 -2.474056e-01 4.749692e+00
2.499258e-01 7.236941e-03 9.682379e-01 1.843143e+02 -7.381345e-02 -9.969198e-01 2.650437e-02 1.912832e+00 9.654474e-01 -7.809311e-02 -2.486218e-01 4.207255e+00
2.535139e-01 7.244182e-03 9.673046e-01 1.865473e+02 -7.372711e-02 -9.969186e-01 2.678857e-02 1.963185e+00 9.645180e-01 -7.810786e-02 -2.521986e-01 3.634397e+00
2.552913e-01 7.223574e-03 9.668372e-01 1.887951e+02 -7.362664e-02 -9.969233e-01 2.688931e-02 2.014549e+00 9.640568e-01 -7.804958e-02 -2.539740e-01 3.049785e+00
2.622078e-01 4.279486e-03 9.650019e-01 1.911951e+02 -6.995358e-02 -9.972751e-01 2.343021e-02 2.029706e+00 9.624726e-01 -7.364893e-02 -2.611940e-01 2.394715e+00
2.664971e-01 4.329882e-03 9.638260e-01 1.934537e+02 -6.981407e-02 -9.972764e-01 2.378369e-02 2.074846e+00 9.613040e-01 -7.362690e-02 -2.654691e-01 1.768758e+00
2.713532e-01 4.440606e-03 9.624695e-01 1.957009e+02 -6.964792e-02 -9.972771e-01 2.423734e-02 2.120588e+00 9.599565e-01 -7.361088e-02 -2.703051e-01 1.132439e+00
2.752859e-01 3.141246e-03 9.613573e-01 1.979816e+02 -6.777915e-02 -9.974428e-01 2.266780e-02 2.147920e+00 9.589701e-01 -7.140011e-02 -2.743690e-01 5.081453e-01
2.789301e-01 3.259804e-03 9.603059e-01 2.002466e+02 -6.759103e-02 -9.974476e-01 2.301835e-02 2.189460e+00 9.579298e-01 -7.132857e-02 -2.779978e-01 -1.223166e-01
2.812051e-01 3.369017e-03 9.596417e-01 2.024691e+02 -6.739669e-02 -9.974553e-01 2.325111e-02 2.231914e+00 9.572781e-01 -7.121502e-02 -2.802625e-01 -7.665765e-01
2.840993e-01 3.479510e-03 9.587885e-01 2.046849e+02 -6.718634e-02 -9.974630e-01 2.352789e-02 2.274931e+00 9.564379e-01 -7.110175e-02 -2.831448e-01 -1.418925e+00
2.875991e-01 3.584205e-03 9.577442e-01 2.069884e+02 -6.569690e-02 -9.975638e-01 2.346121e-02 2.314636e+00 9.554949e-01 -6.966824e-02 -2.866629e-01 -2.026939e+00
2.920845e-01 3.726346e-03 9.563853e-01 2.091851e+02 -6.554706e-02 -9.975631e-01 2.390517e-02 2.356087e+00 9.541437e-01 -6.967057e-02 -2.911285e-01 -2.672861e+00
2.948847e-01 3.896331e-03 9.555249e-01 2.114180e+02 -6.552552e-02 -9.975553e-01 2.428956e-02 2.398947e+00 9.532834e-01 -6.977388e-02 -2.939085e-01 -3.330798e+00
2.976868e-01 4.053516e-03 9.546550e-01 2.136933e+02 -6.555867e-02 -9.975435e-01 2.467856e-02 2.445347e+00 9.524099e-01 -6.993239e-02 -2.966898e-01 -4.029199e+00
2.987783e-01 4.341611e-03 9.543127e-01 2.161786e+02 -6.946161e-02 -9.972383e-01 2.628409e-02 2.486918e+00 9.517912e-01 -7.414120e-02 -2.976516e-01 -4.811973e+00
3.006656e-01 4.482063e-03 9.537191e-01 2.184668e+02 -6.951125e-02 -9.972264e-01 2.660036e-02 2.537308e+00 9.511932e-01 -7.429202e-02 -2.995202e-01 -5.513881e+00
3.024146e-01 4.591195e-03 9.531655e-01 2.207664e+02 -6.953578e-02 -9.972177e-01 2.686528e-02 2.586799e+00 9.506367e-01 -7.440355e-02 -3.012539e-01 -6.204806e+00
3.044912e-01 4.692379e-03 9.525036e-01 2.230612e+02 -6.954119e-02 -9.972097e-01 2.714317e-02 2.637276e+00 9.499732e-01 -7.450309e-02 -3.033153e-01 -6.913976e+00
3.087690e-01 2.432408e-03 9.511340e-01 2.253555e+02 -6.878484e-02 -9.973212e-01 2.488032e-02 2.650599e+00 9.486466e-01 -7.310586e-02 -3.077745e-01 -7.638339e+00
3.110364e-01 2.545696e-03 9.503946e-01 2.276581e+02 -6.875818e-02 -9.973157e-01 2.517393e-02 2.695923e+00 9.479075e-01 -7.317743e-02 -3.100265e-01 -8.367702e+00
3.134468e-01 2.703720e-03 9.496019e-01 2.299090e+02 -6.882437e-02 -9.973014e-01 2.555724e-02 2.740725e+00 9.471084e-01 -7.336659e-02 -3.124149e-01 -9.092177e+00
3.156919e-01 2.934808e-03 9.488572e-01 2.321651e+02 -6.890816e-02 -9.972838e-01 2.601086e-02 2.787787e+00 9.463563e-01 -7.359543e-02 -3.146322e-01 -9.842477e+00
3.230567e-01 1.981145e-03 9.463775e-01 2.344479e+02 -6.870405e-02 -9.973101e-01 2.554067e-02 2.800022e+00 9.438825e-01 -7.327105e-02 -3.220516e-01 -1.070640e+01
3.259402e-01 2.269274e-03 9.453877e-01 2.367269e+02 -6.864606e-02 -9.973006e-01 2.606090e-02 2.847466e+00 9.428949e-01 -7.339142e-02 -3.249046e-01 -1.149207e+01
3.286622e-01 2.574522e-03 9.444441e-01 2.390025e+02 -6.855418e-02 -9.972934e-01 2.657513e-02 2.892531e+00 9.419562e-01 -7.347982e-02 -3.275962e-01 -1.223917e+01
3.310921e-01 2.930230e-03 9.435939e-01 2.412653e+02 -6.845972e-02 -9.972852e-01 2.711839e-02 2.940825e+00 9.411117e-01 -7.357685e-02 -3.299927e-01 -1.302689e+01
3.335657e-01 4.402906e-03 9.427165e-01 2.435712e+02 -6.463701e-02 -9.975290e-01 2.752971e-02 2.990942e+00 9.405084e-01 -7.011735e-02 -3.324569e-01 -1.381380e+01
3.356081e-01 4.791548e-03 9.419895e-01 2.458539e+02 -6.449802e-02 -9.975234e-01 2.805311e-02 3.041027e+00 9.397911e-01 -7.017130e-02 -3.344679e-01 -1.461168e+01
3.394082e-01 5.220820e-03 9.406247e-01 2.481887e+02 -6.427141e-02 -9.975189e-01 2.872784e-02 3.090494e+00 9.384409e-01 -7.020574e-02 -3.382306e-01 -1.538950e+01
3.430905e-01 5.612107e-03 9.392856e-01 2.505153e+02 -6.404890e-02 -9.975149e-01 2.935500e-02 3.144211e+00 9.371161e-01 -7.023163e-02 -3.418784e-01 -1.621717e+01
3.508594e-01 7.133669e-03 9.364009e-01 2.527925e+02 -6.030432e-02 -9.977232e-01 3.019622e-02 3.189960e+00 9.344844e-01 -6.706365e-02 -3.496304e-01 -1.710948e+01
3.558049e-01 7.453902e-03 9.345305e-01 2.550109e+02 -6.019143e-02 -9.977093e-01 3.087458e-02 3.241539e+00 9.326199e-01 -6.723606e-02 -3.545413e-01 -1.790715e+01
3.581088e-01 7.767018e-03 9.336475e-01 2.572780e+02 -6.015255e-02 -9.976961e-01 3.137188e-02 3.298604e+00 9.317402e-01 -6.739582e-02 -3.568166e-01 -1.876656e+01
3.624495e-01 8.075162e-03 9.319684e-01 2.595560e+02 -6.003343e-02 -9.976836e-01 3.199201e-02 3.356043e+00 9.300679e-01 -6.754475e-02 -3.611251e-01 -1.962608e+01
3.670018e-01 6.710616e-03 9.301960e-01 2.616861e+02 -5.995121e-02 -9.977245e-01 3.085108e-02 3.387975e+00 9.282864e-01 -6.708878e-02 -3.657643e-01 -2.050714e+01
3.693251e-01 6.988926e-03 9.292740e-01 2.639251e+02 -6.001684e-02 -9.977047e-01 3.135631e-02 3.443907e+00 9.273602e-01 -6.735276e-02 -3.680579e-01 -2.138803e+01
3.723715e-01 7.220787e-03 9.280556e-01 2.661485e+02 -6.012454e-02 -9.976814e-01 3.188679e-02 3.498998e+00 9.261342e-01 -6.767265e-02 -3.710740e-01 -2.224559e+01
3.741755e-01 7.418761e-03 9.273283e-01 2.683801e+02 -6.036582e-02 -9.976523e-01 3.233888e-02 3.554994e+00 9.253911e-01 -6.807934e-02 -3.728493e-01 -2.310892e+01
3.810273e-01 5.105670e-03 9.245497e-01 2.706472e+02 -6.123738e-02 -9.976496e-01 3.074663e-02 3.611800e+00 9.225336e-01 -6.833230e-02 -3.798191e-01 -2.407075e+01
3.840851e-01 5.186240e-03 9.232831e-01 2.729005e+02 -6.160770e-02 -9.976117e-01 3.123252e-02 3.666035e+00 9.212400e-01 -6.887729e-02 -3.828483e-01 -2.496325e+01
3.857882e-01 5.172789e-03 9.225729e-01 2.751135e+02 -6.209471e-02 -9.975712e-01 3.155917e-02 3.722044e+00 9.204954e-01 -6.946205e-02 -3.845300e-01 -2.586911e+01
3.892850e-01 5.144390e-03 9.211030e-01 2.772912e+02 -6.255902e-02 -9.975278e-01 3.201050e-02 3.782847e+00 9.189905e-01 -7.008450e-02 -3.880008e-01 -2.683422e+01
3.942763e-01 -8.631800e-04 9.189915e-01 2.795885e+02 -6.831561e-02 -9.972602e-01 2.837285e-02 3.825500e+00 9.164492e-01 -7.396822e-02 -3.932550e-01 -2.781356e+01
3.996738e-01 -9.065127e-04 9.166570e-01 2.818317e+02 -6.865332e-02 -9.972205e-01 2.894751e-02 3.878372e+00 9.140829e-01 -7.450110e-02 -3.986251e-01 -2.877450e+01
4.056661e-01 -9.823809e-04 9.140208e-01 2.841100e+02 -6.897986e-02 -9.971805e-01 2.954329e-02 3.933504e+00 9.114147e-01 -7.503374e-02 -4.045901e-01 -2.975547e+01
4.085259e-01 -1.055443e-03 9.127461e-01 2.863403e+02 -6.938300e-02 -9.971418e-01 2.990134e-02 3.991731e+00 9.101058e-01 -7.554454e-02 -4.074315e-01 -3.077072e+01
4.080321e-01 -2.779639e-03 9.129633e-01 2.888079e+02 -6.834863e-02 -9.972821e-01 2.751080e-02 4.074716e+00 9.104055e-01 -7.362508e-02 -4.071131e-01 -3.179390e+01
4.116558e-01 -2.795949e-03 9.113352e-01 2.911293e+02 -6.865626e-02 -9.972487e-01 2.795293e-02 4.126206e+00 9.087496e-01 -7.407584e-02 -4.107151e-01 -3.278439e+01
4.138733e-01 -2.771357e-03 9.103302e-01 2.933716e+02 -6.907335e-02 -9.972082e-01 2.836772e-02 4.181617e+00 9.077102e-01 -7.462020e-02 -4.129093e-01 -3.381398e+01
4.152244e-01 -2.699439e-03 9.097150e-01 2.956671e+02 -6.954248e-02 -9.971637e-01 2.878258e-02 4.238070e+00 9.070571e-01 -7.521506e-02 -4.142344e-01 -3.484808e+01
4.181927e-01 -2.486623e-03 9.083549e-01 2.980751e+02 -6.861402e-02 -9.972258e-01 2.885893e-02 4.321652e+00 9.057632e-01 -7.439448e-02 -4.172031e-01 -3.589972e+01
4.201611e-01 -2.362703e-03 9.074464e-01 3.003449e+02 -6.901086e-02 -9.971839e-01 2.935669e-02 4.383982e+00 9.048216e-01 -7.495821e-02 -4.191409e-01 -3.699043e+01
4.239832e-01 -2.201271e-03 9.056674e-01 3.026771e+02 -6.935657e-02 -9.971393e-01 3.004530e-02 4.443606e+00 9.030105e-01 -7.555268e-02 -4.229230e-01 -3.803242e+01
4.281078e-01 -2.021170e-03 9.037254e-01 3.049913e+02 -6.970558e-02 -9.970923e-01 3.079055e-02 4.506553e+00 9.010354e-01 -7.617637e-02 -4.270039e-01 -3.910196e+01
4.312256e-01 -1.016908e-04 9.022441e-01 3.074182e+02 -6.975204e-02 -9.970109e-01 3.322547e-02 4.625052e+00 8.995438e-01 -7.726105e-02 -4.299437e-01 -4.020542e+01
4.346677e-01 -5.090534e-05 9.005910e-01 3.097208e+02 -6.999978e-02 -9.969766e-01 3.372884e-02 4.697273e+00 8.978664e-01 -7.770201e-02 -4.333571e-01 -4.130299e+01
4.374183e-01 2.175709e-05 8.992581e-01 3.120373e+02 -7.017536e-02 -9.969497e-01 3.415891e-02 4.769384e+00 8.965158e-01 -7.804749e-02 -4.360825e-01 -4.238561e+01
4.426755e-01 2.273253e-04 8.966818e-01 3.143214e+02 -7.012521e-02 -9.969285e-01 3.487228e-02 4.844652e+00 8.939356e-01 -7.831711e-02 -4.412999e-01 -4.349905e+01
4.425986e-01 -9.040561e-04 8.967194e-01 3.168612e+02 -6.559189e-02 -9.973533e-01 3.136903e-02 4.911562e+00 8.943177e-01 -7.270140e-02 -4.414865e-01 -4.469724e+01
4.489244e-01 -5.767350e-04 8.935695e-01 3.191365e+02 -6.544679e-02 -9.973352e-01 3.223640e-02 4.979685e+00 8.911698e-01 -7.295298e-02 -4.477659e-01 -4.582416e+01
4.544035e-01 -2.633921e-04 8.907959e-01 3.214519e+02 -6.541757e-02 -9.973097e-01 3.307524e-02 5.053134e+00 8.883907e-01 -7.330320e-02 -4.531982e-01 -4.701057e+01
4.593073e-01 2.091459e-05 8.882774e-01 3.237387e+02 -6.551353e-02 -9.972757e-01 3.389898e-02 5.125845e+00 8.858582e-01 -7.376423e-02 -4.580547e-01 -4.817285e+01
4.625275e-01 4.965229e-03 8.865910e-01 3.263367e+02 -5.951992e-02 -9.975545e-01 3.663774e-02 5.249442e+00 8.846048e-01 -6.971579e-02 -4.611009e-01 -4.936462e+01
4.707982e-01 5.237216e-03 8.822255e-01 3.286938e+02 -5.954492e-02 -9.975135e-01 3.769766e-02 5.332548e+00 8.802292e-01 -7.028003e-02 -4.693157e-01 -5.055658e+01
4.776545e-01 5.577977e-03 8.785300e-01 3.309841e+02 -5.962209e-02 -9.974687e-01 3.874952e-02 5.418768e+00 8.765223e-01 -7.088868e-02 -4.761128e-01 -5.177876e+01
4.839920e-01 6.027503e-03 8.750517e-01 3.332669e+02 -5.962825e-02 -9.974248e-01 3.985088e-02 5.506407e+00 8.730385e-01 -7.146531e-02 -4.823862e-01 -5.300578e+01
4.810193e-01 5.845314e-03 8.766904e-01 3.358660e+02 -6.270754e-02 -9.971871e-01 4.105487e-02 5.609586e+00 8.744645e-01 -7.472329e-02 -4.792998e-01 -5.430686e+01
4.871070e-01 6.384883e-03 8.733189e-01 3.380917e+02 -6.254330e-02 -9.971508e-01 4.217469e-02 5.699796e+00 8.710999e-01 -7.516383e-02 -4.853198e-01 -5.551278e+01
4.949785e-01 6.914459e-03 8.688776e-01 3.402313e+02 -6.233793e-02 -9.971091e-01 4.344732e-02 5.788057e+00 8.666661e-01 -7.566953e-02 -4.931165e-01 -5.668401e+01
5.022637e-01 7.473223e-03 8.646823e-01 3.423530e+02 -6.221313e-02 -9.970589e-01 4.475475e-02 5.878142e+00 8.624737e-01 -7.627328e-02 -5.003215e-01 -5.785925e+01
4.982695e-01 9.453068e-03 8.669707e-01 3.450056e+02 -6.128672e-02 -9.970553e-01 4.609445e-02 5.986639e+00 8.648534e-01 -7.610124e-02 -4.962229e-01 -5.928067e+01
5.089325e-01 1.005013e-02 8.607478e-01 3.468862e+02 -6.089778e-02 -9.970061e-01 4.764799e-02 6.072305e+00 8.586496e-01 -7.666725e-02 -5.067968e-01 -6.034961e+01
5.211601e-01 1.068858e-02 8.533920e-01 3.487282e+02 -6.040857e-02 -9.969517e-01 4.937770e-02 6.159333e+00 8.513184e-01 -7.728587e-02 -5.189257e-01 -6.142378e+01
5.291850e-01 1.137980e-02 8.484302e-01 3.505098e+02 -6.001956e-02 -9.969033e-01 5.080679e-02 6.246219e+00 8.463811e-01 -7.780860e-02 -5.268632e-01 -6.248890e+01
5.235931e-01 1.411769e-02 8.518515e-01 3.526516e+02 -5.876693e-02 -9.968827e-01 5.264255e-02 6.356331e+00 8.499392e-01 -7.762397e-02 -5.211313e-01 -6.361893e+01
5.300888e-01 1.485494e-02 8.478120e-01 3.543552e+02 -5.811959e-02 -9.968586e-01 5.380535e-02 6.444687e+00 8.459480e-01 -7.779610e-02 -5.275603e-01 -6.463747e+01
5.346470e-01 1.565725e-02 8.449304e-01 3.560765e+02 -5.754093e-02 -9.968335e-01 5.488235e-02 6.534862e+00 8.431142e-01 -7.796077e-02 -5.320532e-01 -6.565591e+01
5.355185e-01 1.647118e-02 8.443629e-01 3.577846e+02 -5.728076e-02 -9.967990e-01 5.577384e-02 6.627661e+00 8.425786e-01 -7.823367e-02 -5.328608e-01 -6.668961e+01
5.226731e-01 1.955199e-02 8.523089e-01 3.597592e+02 -4.595505e-02 -9.976373e-01 5.106749e-02 6.690914e+00 8.512936e-01 -6.585950e-02 -5.205398e-01 -6.770856e+01
5.288908e-01 2.032190e-02 8.484465e-01 3.614287e+02 -4.535813e-02 -9.976077e-01 5.216920e-02 6.772617e+00 8.474769e-01 -6.607576e-02 -5.267037e-01 -6.868407e+01
5.326397e-01 2.107389e-02 8.460796e-01 3.632094e+02 -4.503225e-02 -9.975681e-01 5.319665e-02 6.865538e+00 8.451433e-01 -6.643552e-02 -5.303954e-01 -6.976997e+01
5.367954e-01 2.192445e-02 8.434275e-01 3.650235e+02 -4.463419e-02 -9.975245e-01 5.433734e-02 6.963792e+00 8.425310e-01 -6.681374e-02 -5.344881e-01 -7.090765e+01
5.442191e-01 2.486185e-02 8.385746e-01 3.667965e+02 -4.166646e-02 -9.975263e-01 5.661516e-02 7.082941e+00 8.379078e-01 -6.575148e-02 -5.418369e-01 -7.205589e+01
5.498745e-01 2.482168e-02 8.348784e-01 3.686473e+02 -4.343269e-02 -9.973563e-01 5.825829e-02 7.184468e+00 8.341173e-01 -6.829576e-02 -5.473427e-01 -7.326433e+01
5.531106e-01 2.486090e-02 8.327368e-01 3.704948e+02 -4.534346e-02 -9.971747e-01 5.988760e-02 7.288439e+00 8.318730e-01 -7.088363e-02 -5.504206e-01 -7.447465e+01
5.517256e-01 2.501182e-02 8.336506e-01 3.722677e+02 -4.743766e-02 -9.969910e-01 6.130762e-02 7.391336e+00 8.326755e-01 -7.337141e-02 -5.488790e-01 -7.565558e+01
5.424275e-01 2.699392e-02 8.396689e-01 3.741744e+02 -4.335239e-02 -9.972526e-01 6.006568e-02 7.510314e+00 8.389834e-01 -6.898293e-02 -5.397669e-01 -7.669305e+01
5.460355e-01 2.741319e-02 8.373134e-01 3.759246e+02 -4.435290e-02 -9.971169e-01 6.156883e-02 7.608017e+00 8.365872e-01 -7.075605e-02 -5.432453e-01 -7.779745e+01
5.484124e-01 2.604308e-02 8.358024e-01 3.776839e+02 -4.043974e-02 -9.975194e-01 5.761665e-02 7.714521e+00 8.352296e-01 -6.539732e-02 -5.459988e-01 -7.889030e+01
5.487068e-01 2.262659e-02 8.357086e-01 3.795375e+02 -4.048751e-02 -9.977416e-01 5.359675e-02 7.813325e+00 8.350339e-01 -6.324467e-02 -5.465515e-01 -8.005933e+01
5.528001e-01 2.202334e-02 8.330228e-01 3.812529e+02 -1.935212e-02 -9.990418e-01 3.925473e-02 7.862940e+00 8.330891e-01 -3.782077e-02 -5.518442e-01 -8.134007e+01
5.501032e-01 1.963685e-02 8.348658e-01 3.830742e+02 -2.060660e-02 -9.990999e-01 3.707773e-02 7.923308e+00 8.348424e-01 -3.760032e-02 -5.492033e-01 -8.254363e+01
5.504999e-01 1.794484e-02 8.346424e-01 3.848813e+02 -2.136981e-02 -9.991385e-01 3.557627e-02 7.979042e+00 8.345617e-01 -3.742088e-02 -5.496421e-01 -8.373621e+01
5.514375e-01 1.673017e-02 8.340484e-01 3.867708e+02 -2.171365e-02 -9.991723e-01 3.439853e-02 8.035089e+00 8.339337e-01 -3.707887e-02 -5.506178e-01 -8.497649e+01
5.601883e-01 3.282563e-02 8.277147e-01 3.885789e+02 -3.327908e-02 -9.975160e-01 6.208256e-02 8.312867e+00 8.276966e-01 -6.232351e-02 -5.577044e-01 -8.631229e+01
5.574702e-01 3.150053e-02 8.295991e-01 3.904044e+02 -3.410775e-02 -9.975672e-01 6.079797e-02 8.425592e+00 8.294960e-01 -6.218881e-02 -5.550396e-01 -8.754237e+01
5.577449e-01 2.893058e-02 8.295081e-01 3.922278e+02 -3.667172e-02 -9.975575e-01 5.944895e-02 8.530366e+00 8.292019e-01 -6.357683e-02 -5.553216e-01 -8.878161e+01
5.568534e-01 2.633967e-02 8.301931e-01 3.940485e+02 -3.933620e-02 -9.975393e-01 5.803392e-02 8.631451e+00 8.296789e-01 -6.497302e-02 -5.544470e-01 -9.000947e+01
5.663673e-01 2.762653e-02 8.236898e-01 3.957690e+02 -3.872062e-02 -9.974424e-01 6.007839e-02 8.802084e+00 8.232428e-01 -6.592020e-02 -5.638490e-01 -9.128610e+01
5.638362e-01 2.531905e-02 8.254985e-01 3.976181e+02 -4.134198e-02 -9.974116e-01 5.882944e-02 8.908425e+00 8.248513e-01 -6.729791e-02 -5.613300e-01 -9.255766e+01
5.632632e-01 2.314315e-02 8.259534e-01 3.995886e+02 -4.378645e-02 -9.973671e-01 5.780654e-02 9.019842e+00 8.251165e-01 -6.872586e-02 -5.607668e-01 -9.388843e+01
5.626329e-01 2.104284e-02 8.264390e-01 4.015758e+02 -4.626852e-02 -9.973076e-01 5.689273e-02 9.131060e+00 8.254111e-01 -7.024783e-02 -5.601444e-01 -9.524693e+01
5.819455e-01 2.601566e-02 8.128116e-01 4.033766e+02 -4.201332e-02 -9.971916e-01 6.199723e-02 9.318843e+00 8.121418e-01 -7.022792e-02 -5.792182e-01 -9.667059e+01
5.818604e-01 2.405190e-02 8.129330e-01 4.053872e+02 -4.436902e-02 -9.971353e-01 6.125914e-02 9.442509e+00 8.120775e-01 -7.171331e-02 -5.791264e-01 -9.808049e+01
5.821336e-01 2.219404e-02 8.127902e-01 4.074065e+02 -4.669123e-02 -9.970654e-01 6.066687e-02 9.567243e+00 8.117515e-01 -7.326639e-02 -5.793890e-01 -9.952408e+01
5.842658e-01 2.043292e-02 8.113050e-01 4.094400e+02 -4.893999e-02 -9.969766e-01 6.035350e-02 9.693108e+00 8.100854e-01 -7.496775e-02 -5.814993e-01 -1.009943e+02
5.882233e-01 2.875540e-02 8.081871e-01 4.120084e+02 -4.283675e-02 -9.968567e-01 6.664620e-02 9.931818e+00 8.075631e-01 -7.382295e-02 -5.851426e-01 -1.029066e+02
5.900287e-01 2.707427e-02 8.069282e-01 4.140082e+02 -4.518273e-02 -9.967642e-01 6.648147e-02 1.006944e+01 8.061170e-01 -7.568520e-02 -5.868962e-01 -1.043565e+02
5.895730e-01 2.546752e-02 8.073134e-01 4.160370e+02 -4.741940e-02 -9.966875e-01 6.607143e-02 1.020967e+01 8.063219e-01 -7.723626e-02 -5.864124e-01 -1.058387e+02
5.891847e-01 2.395417e-02 8.076432e-01 4.180987e+02 -4.942872e-02 -9.966198e-01 6.561789e-02 1.034836e+01 8.064851e-01 -7.858183e-02 -5.860091e-01 -1.073006e+02
5.903026e-01 3.141869e-02 8.065703e-01 4.207810e+02 -3.970198e-02 -9.969026e-01 6.788938e-02 1.058852e+01 8.062050e-01 -7.209772e-02 -5.872269e-01 -1.091209e+02
5.912018e-01 3.012453e-02 8.059610e-01 4.228439e+02 -4.146629e-02 -9.968452e-01 6.767629e-02 1.073403e+01 8.054570e-01 -7.343056e-02 -5.880876e-01 -1.106121e+02
5.943865e-01 2.897747e-02 8.036573e-01 4.248444e+02 -4.276371e-02 -9.967977e-01 6.756965e-02 1.087516e+01 8.030417e-01 -7.452985e-02 -5.912439e-01 -1.120782e+02
5.952015e-01 2.793326e-02 8.030908e-01 4.268000e+02 -4.413968e-02 -9.967504e-01 6.738278e-02 1.101494e+01 8.023633e-01 -7.555450e-02 -5.920343e-01 -1.135507e+02
5.955070e-01 3.526113e-02 8.025759e-01 4.293254e+02 -3.076020e-02 -9.973028e-01 6.664034e-02 1.121057e+01 8.027610e-01 -6.437218e-02 -5.928161e-01 -1.154305e+02
5.963024e-01 3.460087e-02 8.020138e-01 4.313904e+02 -3.206956e-02 -9.972464e-01 6.686761e-02 1.135474e+01 8.021190e-01 -6.559356e-02 -5.935508e-01 -1.169574e+02
5.957206e-01 3.415635e-02 8.024651e-01 4.334147e+02 -3.355119e-02 -9.971651e-01 6.735078e-02 1.149636e+01 8.024907e-01 -6.704591e-02 -5.928858e-01 -1.184555e+02
5.948052e-01 3.390574e-02 8.031545e-01 4.354154e+02 -3.507671e-02 -9.970638e-01 6.806909e-02 1.163841e+01 8.031042e-01 -6.865987e-02 -5.918694e-01 -1.199571e+02
5.936636e-01 4.311422e-02 8.035576e-01 4.380840e+02 -3.656742e-02 -9.960868e-01 8.046000e-02 1.194150e+01 8.038821e-01 -7.715020e-02 -5.897639e-01 -1.218648e+02
5.921528e-01 4.313422e-02 8.046704e-01 4.401324e+02 -3.729016e-02 -9.960298e-01 8.083365e-02 1.211567e+01 8.049625e-01 -7.787216e-02 -5.881934e-01 -1.233301e+02
5.924644e-01 4.320623e-02 8.044371e-01 4.422195e+02 -3.761137e-02 -9.959883e-01 8.119503e-02 1.229657e+01 8.047181e-01 -7.836115e-02 -5.884626e-01 -1.248428e+02
5.926573e-01 4.340728e-02 8.042842e-01 4.442881e+02 -3.772491e-02 -9.959550e-01 8.155034e-02 1.247704e+01 8.045707e-01 -7.867296e-02 -5.886225e-01 -1.263566e+02
