-1.000000e+00 -2.977174e-12 0.000000e+00 0.000000e+00 1.158185e-11 -1.000000e+00 0.000000e+00 0.000000e+00 0.000000e+00 0.000000e+00 1.000000e+00 0.000000e+00
-9.999940e-01 2.460670e-04 3.477526e-03 -8.188004e-03 -2.461562e-04 -1.000000e+00 -2.519330e-05 -2.588835e-04 3.477520e-03 -2.604916e-05 9.999940e-01 2.959378e-01
-9.999918e-01 5.448376e-04 4.024055e-03 -1.796849e-02 -5.453077e-04 -9.999998e-01 -1.157665e-04 -5.789002e-04 4.023991e-03 -1.179599e-04 9.999919e-01 5.859184e-01
-9.999981e-01 9.630157e-04 1.682743e-03 -1.921778e-02 -9.634853e-04 -9.999995e-01 -2.783152e-04 -8.512811e-04 1.682475e-03 -2.799359e-04 9.999986e-01 8.956255e-01
-9.999824e-01 1.443771e-03 -5.764719e-03 -2.767228e-02 -1.440825e-03 -9.999988e-01 -5.152903e-04 -1.494051e-03 -5.765456e-03 -5.069752e-04 9.999833e-01 1.235613e+00
-9.998694e-01 1.869171e-03 -1.605185e-02 -6.286348e-02 -1.857177e-03 -9.999980e-01 -7.620357e-04 -2.474576e-03 -1.605324e-02 -7.321251e-04 9.998709e-01 1.597828e+00
-9.995086e-01 2.090612e-03 -3.127737e-02 -1.028500e-01 -2.059802e-03 -9.999974e-01 -1.017254e-03 -3.681541e-03 -3.127941e-02 -9.523290e-04 9.995103e-01 1.941989e+00
-9.987379e-01 2.130871e-03 -5.018156e-02 -1.265746e-01 -2.067429e-03 -9.999970e-01 -1.316118e-03 -5.076144e-03 -5.018422e-02 -1.210710e-03 9.987393e-01 2.297786e+00
-9.976282e-01 2.148495e-03 -6.879959e-02 -1.734084e-01 -2.041689e-03 -9.999966e-01 -1.622706e-03 -6.620910e-03 -6.880285e-02 -1.478389e-03 9.976292e-01 2.655084e+00
-9.940415e-01 4.300322e-04 -1.090013e-01 -2.200247e-01 2.473441e-05 -9.999913e-01 -4.170735e-03 -2.007173e-02 -1.090021e-01 -4.148580e-03 9.940329e-01 2.995986e+00
-9.915836e-01 5.898852e-04 -1.294669e-01 -2.823821e-01 -2.836965e-05 -9.999906e-01 -4.338937e-03 -2.288727e-02 -1.294682e-01 -4.298745e-03 9.915743e-01 3.376236e+00
-9.886114e-01 -1.350735e-03 -1.504848e-01 -3.533446e-01 1.860230e-03 -9.999930e-01 -3.244972e-03 -3.220196e-02 -1.504794e-01 -3.487953e-03 9.886070e-01 3.734109e+00
-9.858230e-01 -1.319016e-03 -1.677837e-01 -4.233582e-01 1.897882e-03 -9.999928e-01 -3.289766e-03 -3.485730e-02 -1.677781e-01 -3.561561e-03 9.858184e-01 4.128946e+00
-9.828913e-01 -1.316143e-03 -1.841821e-01 -5.116143e-01 1.963708e-03 -9.999925e-01 -3.333538e-03 -3.756624e-02 -1.841763e-01 -3.638186e-03 9.828865e-01 4.511577e+00
-9.799027e-01 -1.245640e-03 -1.994723e-01 -6.139792e-01 1.966215e-03 -9.999923e-01 -3.414353e-03 -4.048009e-02 -1.994665e-01 -3.737939e-03 9.798976e-01 4.919724e+00
-9.792549e-01 -1.995496e-03 -2.026223e-01 -6.936953e-01 2.692388e-03 -9.999914e-01 -3.163792e-03 -4.728070e-02 -2.026142e-01 -3.643697e-03 9.792519e-01 5.456498e+00
-9.761480e-01 -1.836522e-03 -2.170987e-01 -7.933131e-01 2.634099e-03 -9.999908e-01 -3.384474e-03 -5.032702e-02 -2.170904e-01 -3.875606e-03 9.761438e-01 5.887382e+00
-9.735990e-01 -1.718389e-03 -2.282593e-01 -9.143631e-01 2.625891e-03 -9.999897e-01 -3.672108e-03 -5.330113e-02 -2.282506e-01 -4.174544e-03 9.735935e-01 6.348633e+00
-9.715143e-01 -1.572481e-03 -2.369761e-01 -1.023696e+00 2.613473e-03 -9.999883e-01 -4.078741e-03 -5.635909e-02 -2.369669e-01 -4.581885e-03 9.715070e-01 6.806453e+00
-9.695614e-01 -1.247548e-03 -2.448453e-01 -1.171916e+00 2.436831e-03 -9.999867e-01 -4.554409e-03 -5.975863e-02 -2.448363e-01 -5.012426e-03 9.695515e-01 7.318156e+00
-9.718688e-01 2.025230e-03 -2.355144e-01 -1.285021e+00 8.493203e-04 -9.999264e-01 -1.210333e-02 -7.751766e-02 -2.355216e-01 -1.196287e-02 9.717955e-01 7.918228e+00
-9.701753e-01 2.620912e-03 -2.423901e-01 -1.398795e+00 4.685548e-04 -9.999194e-01 -1.268732e-02 -8.551324e-02 -2.424038e-01 -1.242250e-02 9.700959e-01 8.424312e+00
-9.683083e-01 3.011362e-03 -2.497401e-01 -1.546058e+00 3.622220e-04 -9.999093e-01 -1.346132e-02 -9.377044e-02 -2.497580e-01 -1.312517e-02 9.682194e-01 8.950994e+00
-9.661757e-01 3.241834e-03 -2.578647e-01 -1.716679e+00 4.747333e-04 -9.998969e-01 -1.434929e-02 -1.027013e-01 -2.578846e-01 -1.398636e-02 9.660745e-01 9.492301e+00
-9.626285e-01 8.361141e-03 -2.706962e-01 -1.863836e+00 -2.529231e-03 -9.997573e-01 -2.188579e-02 -1.222912e-01 -2.708135e-01 -2.038324e-02 9.624160e-01 1.004253e+01
-9.606318e-01 8.805083e-03 -2.776852e-01 -2.031909e+00 -2.553998e-03 -9.997352e-01 -2.286510e-02 -1.378659e-01 -2.778130e-01 -2.125573e-02 9.603999e-01 1.065035e+01
-9.581475e-01 9.217805e-03 -2.861267e-01 -2.231142e+00 -2.468794e-03 -9.997104e-01 -2.393928e-02 -1.534538e-01 -2.862645e-01 -2.223097e-02 9.578927e-01 1.121534e+01
-9.552485e-01 9.581551e-03 -2.956494e-01 -2.418694e+00 -2.246752e-03 -9.996815e-01 -2.513888e-02 -1.701847e-01 -2.957961e-01 -2.334962e-02 9.549657e-01 1.181138e+01
-9.529334e-01 1.013168e-02 -3.030104e-01 -2.588394e+00 -5.097581e-04 -9.994936e-01 -3.181668e-02 -2.027758e-01 -3.031794e-01 -3.016472e-02 9.524560e-01 1.234203e+01
-9.508910e-01 1.056970e-02 -3.093458e-01 -2.813865e+00 -2.218709e-04 -9.994398e-01 -3.346679e-02 -2.249525e-01 -3.095262e-01 -3.175463e-02 9.503606e-01 1.293182e+01
-9.490321e-01 1.100818e-02 -3.149874e-01 -3.029266e+00 1.665937e-04 -9.993722e-01 -3.542800e-02 -2.484683e-01 -3.151796e-01 -3.367478e-02 9.484344e-01 1.353491e+01
-9.482325e-01 1.144078e-02 -3.173710e-01 -3.254760e+00 5.660548e-04 -9.992884e-01 -3.771418e-02 -2.747816e-01 -3.175766e-01 -3.594146e-02 9.475513e-01 1.417838e+01
-9.484521e-01 1.253887e-02 -3.166726e-01 -3.454032e+00 6.101052e-03 -9.983094e-01 -5.780176e-02 -3.430672e-01 -3.168620e-01 -5.675423e-02 9.467721e-01 1.490351e+01
-9.473171e-01 1.289827e-02 -3.200376e-01 -3.707916e+00 6.889696e-03 -9.981371e-01 -6.062092e-02 -3.853536e-01 -3.202233e-01 -5.963219e-02 9.454634e-01 1.555555e+01
-9.464209e-01 1.316983e-02 -3.226672e-01 -3.984516e+00 7.804607e-03 -9.979435e-01 -6.362341e-02 -4.325336e-01 -3.228416e-01 -6.273281e-02 9.443717e-01 1.625019e+01
-9.452428e-01 1.339728e-02 -3.260931e-01 -4.221408e+00 8.887054e-03 -9.977300e-01 -6.675176e-02 -4.797973e-01 -3.262472e-01 -6.599463e-02 9.429780e-01 1.691971e+01
-9.415372e-01 1.041266e-02 -3.367482e-01 -4.394473e+00 2.106697e-02 -9.957467e-01 -8.969226e-02 -5.624490e-01 -3.362498e-01 -9.154286e-02 9.373131e-01 1.745897e+01
-9.389864e-01 1.043831e-02 -3.437960e-01 -4.708755e+00 2.289906e-02 -9.954246e-01 -9.276561e-02 -6.263067e-01 -3.431914e-01 -9.497824e-02 9.344510e-01 1.809588e+01
-9.371428e-01 1.043949e-02 -3.487900e-01 -4.962449e+00 2.456539e-02 -9.950987e-01 -9.578717e-02 -6.966073e-01 -3.480805e-01 -9.833442e-02 9.322931e-01 1.878206e+01
-9.352067e-01 1.040285e-02 -3.539495e-01 -5.239839e+00 2.624731e-02 -9.947821e-01 -9.858814e-02 -7.717110e-01 -3.531283e-01 -1.014905e-01 9.300538e-01 1.948848e+01
-9.332916e-01 3.404001e-03 -3.591037e-01 -5.506658e+00 3.634733e-02 -9.939248e-01 -1.038863e-01 -8.567031e-01 -3.572757e-01 -1.100087e-01 9.274978e-01 2.027540e+01
-9.311104e-01 3.359504e-03 -3.647222e-01 -5.776687e+00 3.800142e-02 -9.936218e-01 -1.061674e-01 -9.412684e-01 -3.627526e-01 -1.127135e-01 9.250439e-01 2.100719e+01
-9.287419e-01 3.292283e-03 -3.707123e-01 -6.055653e+00 3.964492e-02 -9.933444e-01 -1.081439e-01 -1.028441e+00 -3.686010e-01 -1.151347e-01 9.224302e-01 2.174221e+01
-9.253682e-01 3.123449e-03 -3.790567e-01 -6.380977e+00 4.155331e-02 -9.931041e-01 -1.096248e-01 -1.117483e+00 -3.767851e-01 -1.171944e-01 9.188571e-01 2.247713e+01
-9.218118e-01 2.522680e-03 -3.876298e-01 -6.699310e+00 3.685106e-02 -9.948796e-01 -9.410914e-02 -1.166848e+00 -3.858823e-01 -1.010355e-01 9.169987e-01 2.318322e+01
-9.187925e-01 2.097897e-03 -3.947355e-01 -7.022089e+00 3.856314e-02 -9.947256e-01 -9.504683e-02 -1.246002e+00 -3.928528e-01 -1.025506e-01 9.138654e-01 2.392388e+01
-9.156592e-01 1.628809e-03 -4.019524e-01 -7.341161e+00 4.029322e-02 -9.945829e-01 -9.581941e-02 -1.328660e+00 -3.999311e-01 -1.039339e-01 9.106333e-01 2.468519e+01
-9.092453e-01 -6.125908e-03 -4.162155e-01 -7.772388e+00 4.115541e-02 -9.963156e-01 -7.524234e-02 -1.363952e+00 -4.142211e-01 -8.554327e-02 9.061475e-01 2.549752e+01
-9.053145e-01 -6.565311e-03 -4.246913e-01 -8.143074e+00 4.276747e-02 -9.962080e-01 -7.576704e-02 -1.431115e+00 -4.225834e-01 -8.675597e-02 9.021623e-01 2.626708e+01
-9.014691e-01 -7.011588e-03 -4.327869e-01 -8.521172e+00 4.431015e-02 -9.961107e-01 -7.615738e-02 -1.500695e+00 -4.305696e-01 -8.783036e-02 8.982737e-01 2.705526e+01
-8.973784e-01 -7.424197e-03 -4.411996e-01 -8.913136e+00 4.578952e-02 -9.960274e-01 -7.637321e-02 -1.570211e+00 -4.388798e-01 -8.873798e-02 8.941533e-01 2.783444e+01
-8.939450e-01 -7.858675e-03 -4.481077e-01 -9.297432e+00 4.706110e-02 -9.959647e-01 -7.641705e-02 -1.643083e+00 -4.456989e-01 -8.940109e-02 8.907076e-01 2.864137e+01
-8.898795e-01 -8.754907e-03 -4.561117e-01 -9.731161e+00 4.488627e-02 -9.966447e-01 -6.844342e-02 -1.685898e+00 -4.539821e-01 -8.137956e-02 8.872867e-01 2.941619e+01
-8.855066e-01 -9.209137e-03 -4.645357e-01 -1.014465e+01 4.598921e-02 -9.966311e-01 -6.790788e-02 -1.750579e+00 -4.623452e-01 -8.149651e-02 8.829468e-01 3.020439e+01
-8.820028e-01 -9.748554e-03 -4.711432e-01 -1.059960e+01 4.699860e-02 -9.966210e-01 -6.736229e-02 -1.817798e+00 -4.688946e-01 -8.155680e-02 8.794808e-01 3.102539e+01
-8.780856e-01 -1.026389e-02 -4.783935e-01 -1.104742e+01 4.800811e-02 -9.966151e-01 -6.673604e-02 -1.883853e+00 -4.760891e-01 -8.156672e-02 8.756061e-01 3.183351e+01
-8.736418e-01 -9.743080e-03 -4.864721e-01 -1.151073e+01 3.979259e-02 -9.978811e-01 -5.147682e-02 -1.896276e+00 -4.849398e-01 -6.433029e-02 8.721783e-01 3.262939e+01
-8.694632e-01 -1.014980e-02 -4.938936e-01 -1.198403e+01 4.049607e-02 -9.978884e-01 -5.078316e-02 -1.952268e+00 -4.923352e-01 -6.415484e-02 8.680382e-01 3.350614e+01
-8.659819e-01 -1.047268e-02 -4.999656e-01 -1.246478e+01 4.102078e-02 -9.978990e-01 -5.014861e-02 -2.008236e+00 -4.983900e-01 -6.393676e-02 8.645921e-01 3.438741e+01
-8.636679e-01 -1.078948e-02 -5.039458e-01 -1.295398e+01 4.143091e-02 -9.979075e-01 -4.963955e-02 -2.064311e+00 -5.023558e-01 -6.375102e-02 8.623077e-01 3.527299e+01
-8.649984e-01 -6.155867e-03 -5.017368e-01 -1.346414e+01 3.434885e-02 -9.983056e-01 -4.696937e-02 -2.094359e+00 -5.005976e-01 -5.786252e-02 8.637442e-01 3.606892e+01
-8.635585e-01 -6.670107e-03 -5.042045e-01 -1.399281e+01 3.488437e-02 -9.983071e-01 -4.654040e-02 -2.146780e+00 -5.030406e-01 -5.777922e-02 8.623294e-01 3.694848e+01
-8.623051e-01 -7.201700e-03 -5.063381e-01 -1.450832e+01 3.537269e-02 -9.983131e-01 -4.604137e-02 -2.199984e+00 -5.051523e-01 -5.761224e-02 8.611051e-01 3.784526e+01
-8.620034e-01 -7.699895e-03 -5.068440e-01 -1.502873e+01 3.573561e-02 -9.983199e-01 -4.561019e-02 -2.252126e+00 -5.056413e-01 -5.742852e-02 8.608304e-01 3.873070e+01
-8.651488e-01 -6.128540e-03 -5.014779e-01 -1.549852e+01 3.316374e-02 -9.984358e-01 -4.501219e-02 -2.289254e+00 -5.004177e-01 -5.557312e-02 8.639988e-01 3.952266e+01
-8.642105e-01 -6.477065e-03 -5.030887e-01 -1.603298e+01 3.347787e-02 -9.984415e-01 -4.465408e-02 -2.341542e+00 -5.020154e-01 -5.543286e-02 8.630804e-01 4.043398e+01
-8.634209e-01 -6.801420e-03 -5.044383e-01 -1.658413e+01 3.370084e-02 -9.984532e-01 -4.422168e-02 -2.392065e+00 -5.033573e-01 -5.518192e-02 8.623146e-01 4.132035e+01
-8.614839e-01 -7.167341e-03 -5.077343e-01 -1.715813e+01 3.397542e-02 -9.984733e-01 -4.355207e-02 -2.445413e+00 -5.066471e-01 -5.476990e-02 8.604122e-01 4.226585e+01
-8.596646e-01 -2.828813e-04 -5.108590e-01 -1.774056e+01 2.583463e-02 -9.987444e-01 -4.292103e-02 -2.497194e+00 -5.102054e-01 -5.009554e-02 8.585925e-01 4.319693e+01
-8.566185e-01 -6.111808e-04 -5.159500e-01 -1.823346e+01 2.600707e-02 -9.987793e-01 -4.199574e-02 -2.543534e+00 -5.152945e-01 -4.939267e-02 8.555887e-01 4.401403e+01
-8.524589e-01 -7.508786e-04 -5.227938e-01 -1.881328e+01 2.612801e-02 -9.988105e-01 -4.116933e-02 -2.592117e+00 -5.221410e-01 -4.875473e-02 8.514645e-01 4.488998e+01
-8.470545e-01 -7.531898e-04 -5.315054e-01 -1.935888e+01 2.627574e-02 -9.988356e-01 -4.045993e-02 -2.639938e+00 -5.308560e-01 -4.823747e-02 8.460881e-01 4.575476e+01
-8.370686e-01 3.452883e-03 -5.470871e-01 -1.996903e+01 1.875805e-02 -9.992111e-01 -3.500710e-02 -2.679381e+00 -5.467763e-01 -3.956563e-02 8.363433e-01 4.676574e+01
-8.299916e-01 3.185968e-03 -5.577667e-01 -2.057051e+01 1.910221e-02 -9.992347e-01 -3.413292e-02 -2.723518e+00 -5.574486e-01 -3.898461e-02 8.292956e-01 4.767513e+01
-8.263256e-01 2.698313e-03 -5.631864e-01 -2.117029e+01 1.932822e-02 -9.992636e-01 -3.314664e-02 -2.769246e+00 -5.628611e-01 -3.827531e-02 8.256649e-01 4.862880e+01
-8.233854e-01 2.187827e-03 -5.674784e-01 -2.181180e+01 1.961267e-02 -9.992855e-01 -3.230970e-02 -2.811862e+00 -5.671436e-01 -3.773310e-02 8.227542e-01 4.952077e+01
-8.185136e-01 -5.681437e-05 -5.744873e-01 -2.245222e+01 1.945281e-02 -9.994293e-01 -2.761698e-02 -2.851832e+00 -5.741578e-01 -3.378026e-02 8.180475e-01 5.026122e+01
-8.136767e-01 -4.303423e-04 -5.813176e-01 -2.306495e+01 2.003261e-02 -9.994265e-01 -2.730000e-02 -2.888141e+00 -5.809725e-01 -3.385868e-02 8.132187e-01 5.111080e+01
-8.110034e-01 -7.446553e-04 -5.850409e-01 -2.368142e+01 2.048641e-02 -9.994220e-01 -2.712686e-02 -2.925253e+00 -5.846825e-01 -3.398537e-02 8.105501e-01 5.198182e+01
-8.096959e-01 -1.164244e-03 -5.868487e-01 -2.431414e+01 2.086898e-02 -9.994226e-01 -2.681093e-02 -2.962233e+00 -5.864787e-01 -3.395563e-02 8.092527e-01 5.284373e+01
-8.058367e-01 -1.740055e-03 -5.921353e-01 -2.495834e+01 2.135336e-02 -9.994307e-01 -2.612285e-02 -2.999713e+00 -5.917527e-01 -3.369483e-02 8.054150e-01 5.372348e+01
-8.020542e-01 2.767532e-03 -5.972449e-01 -2.553852e+01 2.723295e-02 -9.987797e-01 -4.119994e-02 -3.125453e+00 -5.966302e-01 -4.930933e-02 8.010001e-01 5.459193e+01
-7.997648e-01 1.953659e-03 -6.003105e-01 -2.617408e+01 2.792194e-02 -9.987913e-01 -4.044953e-02 -3.177863e+00 -5.996639e-01 -4.911194e-02 7.987435e-01 5.543316e+01
-7.958087e-01 1.228354e-03 -6.055469e-01 -2.684896e+01 2.869979e-02 -9.987977e-01 -3.974328e-02 -3.230217e+00 -6.048676e-01 -4.900711e-02 7.948167e-01 5.628777e+01
-7.912135e-01 -2.278407e-03 -6.115359e-01 -2.759381e+01 2.602440e-02 -9.992126e-01 -2.994794e-02 -3.236447e+00 -6.109861e-01 -3.961007e-02 7.906498e-01 5.717648e+01
-7.882637e-01 -2.798114e-03 -6.153312e-01 -2.827253e+01 2.656066e-02 -9.992124e-01 -2.948151e-02 -3.278044e+00 -6.147640e-01 -3.958280e-02 7.877172e-01 5.803006e+01
-7.882479e-01 -3.334481e-03 -6.153488e-01 -2.892681e+01 2.694754e-02 -9.992131e-01 -2.910460e-02 -3.320635e+00 -6.147676e-01 -3.952377e-02 7.877175e-01 5.891195e+01
-7.870882e-01 -3.816813e-03 -6.168287e-01 -2.958098e+01 2.730739e-02 -9.992161e-01 -2.866193e-02 -3.360688e+00 -6.162357e-01 -3.940345e-02 7.865754e-01 5.973690e+01
-7.787198e-01 4.227479e-03 -6.273577e-01 -3.024910e+01 2.178608e-02 -9.991920e-01 -3.377550e-02 -3.422827e+00 -6.269935e-01 -3.996931e-02 7.779984e-01 6.047396e+01
-7.755099e-01 3.928425e-03 -6.313233e-01 -3.096103e+01 2.212527e-02 -9.991973e-01 -3.339595e-02 -3.469438e+00 -6.309477e-01 -3.986708e-02 7.748004e-01 6.131910e+01
-7.711676e-01 3.702956e-03 -6.366214e-01 -3.161916e+01 2.245742e-02 -9.992025e-01 -3.301559e-02 -3.514854e+00 -6.362360e-01 -3.975743e-02 7.704694e-01 6.214433e+01
-7.670109e-01 3.527544e-03 -6.416245e-01 -3.230497e+01 2.276954e-02 -9.992054e-01 -3.271264e-02 -3.559137e+00 -6.412300e-01 -3.970044e-02 7.663211e-01 6.294264e+01
-7.564283e-01 8.683934e-03 -6.540190e-01 -3.306948e+01 1.970125e-02 -9.991557e-01 -3.605276e-02 -3.616208e+00 -6.537799e-01 -4.015632e-02 7.556185e-01 6.374661e+01
-7.536991e-01 8.622680e-03 -6.571631e-01 -3.383502e+01 1.987163e-02 -9.991578e-01 -3.590075e-02 -3.666291e+00 -6.569192e-01 -4.011726e-02 7.528930e-01 6.458128e+01
-7.495627e-01 8.556039e-03 -6.618780e-01 -3.458760e+01 2.005462e-02 -9.991639e-01 -3.562753e-02 -3.715528e+00 -6.616295e-01 -3.997878e-02 7.487644e-01 6.539434e+01
-7.443033e-01 8.580519e-03 -6.677865e-01 -3.532208e+01 2.014476e-02 -9.991741e-01 -3.529159e-02 -3.764034e+00 -6.675378e-01 -3.972005e-02 7.435157e-01 6.619839e+01
-7.274848e-01 1.205202e-02 -6.860179e-01 -3.609423e+01 1.780277e-02 -9.991775e-01 -3.643250e-02 -3.814994e+00 -6.858928e-01 -3.871712e-02 7.266719e-01 6.701257e+01
-7.267724e-01 1.211995e-02 -6.867715e-01 -3.689811e+01 1.768418e-02 -9.991828e-01 -3.634749e-02 -3.864311e+00 -6.866507e-01 -3.856134e-02 7.259641e-01 6.776856e+01
-7.204365e-01 1.216287e-02 -6.934143e-01 -3.763756e+01 1.789365e-02 -9.991874e-01 -3.611726e-02 -3.914100e+00 -6.932901e-01 -3.842790e-02 7.196335e-01 6.856328e+01
-7.144032e-01 1.212119e-02 -6.996294e-01 -3.836550e+01 1.814225e-02 -9.991930e-01 -3.583652e-02 -3.964438e+00 -6.994991e-01 -3.829457e-02 7.136068e-01 6.937579e+01
-7.010034e-01 1.484352e-02 -7.130035e-01 -3.922416e+01 1.729261e-02 -9.991356e-01 -3.780187e-02 -4.023113e+00 -7.129483e-01 -3.882893e-02 7.001408e-01 7.021035e+01
-6.915904e-01 1.473844e-02 -7.221395e-01 -4.005314e+01 1.784253e-02 -9.991381e-01 -3.747953e-02 -4.078480e+00 -7.220695e-01 -3.880528e-02 6.907314e-01 7.105094e+01
-6.844214e-01 1.472661e-02 -7.289379e-01 -4.090459e+01 1.826991e-02 -9.991356e-01 -3.733953e-02 -4.130572e+00 -7.288577e-01 -3.887360e-02 6.835607e-01 7.180154e+01
-6.792846e-01 1.484150e-02 -7.337250e-01 -4.181884e+01 1.851740e-02 -9.991305e-01 -3.735348e-02 -4.182664e+00 -7.336414e-01 -3.896032e-02 6.784191e-01 7.252708e+01
-6.805791e-01 1.811095e-02 -7.324508e-01 -4.279971e+01 1.724129e-02 -9.990218e-01 -4.072259e-02 -4.238191e+00 -7.324717e-01 -4.034334e-02 6.796011e-01 7.330461e+01
-6.762444e-01 1.817757e-02 -7.364531e-01 -4.373836e+01 1.748339e-02 -9.990180e-01 -4.071238e-02 -4.296435e+00 -7.364699e-01 -4.040722e-02 6.752625e-01 7.406837e+01
-6.712613e-01 1.830699e-02 -7.409946e-01 -4.464322e+01 1.761276e-02 -9.990187e-01 -4.063699e-02 -4.353917e+00 -7.410115e-01 -4.032901e-02 6.702803e-01 7.482579e+01
-6.691455e-01 1.849963e-02 -7.429012e-01 -4.560104e+01 1.751821e-02 -9.990196e-01 -4.065645e-02 -4.413231e+00 -7.429250e-01 -4.021938e-02 6.681654e-01 7.560519e+01
-6.674632e-01 1.995831e-02 -7.443753e-01 -4.620221e+01 1.633810e-02 -9.990076e-01 -4.143553e-02 -4.464879e+00 -7.444636e-01 -3.981837e-02 6.664747e-01 7.649181e+01
-6.647930e-01 2.012634e-02 -7.467564e-01 -4.704654e+01 1.628160e-02 -9.990092e-01 -4.141951e-02 -4.521019e+00 -7.468501e-01 -3.969379e-02 6.638066e-01 7.721322e+01
-6.639411e-01 2.038799e-02 -7.475069e-01 -4.793983e+01 1.597835e-02 -9.990132e-01 -4.143982e-02 -4.579610e+00 -7.476142e-01 -3.945753e-02 6.629602e-01 7.798073e+01
-6.618164e-01 2.072125e-02 -7.493796e-01 -4.884137e+01 1.565670e-02 -9.990178e-01 -4.145129e-02 -4.639604e+00 -7.495025e-01 -3.916596e-02 6.608419e-01 7.877181e+01
-6.468637e-01 2.250078e-02 -7.622737e-01 -4.973981e+01 1.410195e-02 -9.990408e-01 -4.145656e-02 -4.693807e+00 -7.624753e-01 -3.756629e-02 6.459259e-01 7.957062e+01
-6.418107e-01 2.323613e-02 -7.665111e-01 -5.063113e+01 1.357208e-02 -9.990401e-01 -4.164915e-02 -4.752617e+00 -7.667431e-01 -3.713402e-02 6.408792e-01 8.034122e+01
-6.366417e-01 2.407278e-02 -7.707839e-01 -5.155901e+01 1.284752e-02 -9.990429e-01 -4.181329e-02 -4.813352e+00 -7.710527e-01 -3.652275e-02 6.357232e-01 8.112774e+01
-6.264835e-01 2.498924e-02 -7.790340e-01 -5.242596e+01 1.222025e-02 -9.990482e-01 -4.187395e-02 -4.870778e+00 -7.793390e-01 -3.575333e-02 6.255818e-01 8.185665e+01
-6.158417e-01 3.859782e-02 -7.869239e-01 -5.335079e+01 -2.271500e-03 -9.988821e-01 -4.721650e-02 -4.939711e+00 -7.878667e-01 -2.729039e-02 6.152409e-01 8.256841e+01
-6.089652e-01 3.935019e-02 -7.922204e-01 -5.438702e+01 -3.095869e-03 -9.988790e-01 -4.723534e-02 -5.009541e+00 -7.931910e-01 -2.631206e-02 6.084043e-01 8.330515e+01
-5.988695e-01 4.007697e-02 -7.998432e-01 -5.534726e+01 -3.763360e-03 -9.988769e-01 -4.723201e-02 -5.074598e+00 -8.008378e-01 -2.527571e-02 5.983477e-01 8.397037e+01
-5.876303e-01 4.082390e-02 -8.080990e-01 -5.630883e+01 -4.309472e-03 -9.988701e-01 -4.732762e-02 -5.140287e+00 -8.091181e-01 -2.432866e-02 5.871422e-01 8.466864e+01
-5.742963e-01 4.138476e-02 -8.176008e-01 -5.733780e+01 -1.049163e-02 -9.990115e-01 -4.319779e-02 -5.194067e+00 -8.185803e-01 -1.623037e-02 5.741628e-01 8.547650e+01
-5.661941e-01 4.220387e-02 -8.231909e-01 -5.834332e+01 -1.124062e-02 -9.989909e-01 -4.348555e-02 -5.256170e+00 -8.241953e-01 -1.536809e-02 5.660971e-01 8.617431e+01
-5.577440e-01 4.300183e-02 -8.288984e-01 -5.933947e+01 -1.208028e-02 -9.989718e-01 -4.369644e-02 -5.317708e+00 -8.299252e-01 -1.435810e-02 5.576900e-01 8.683637e+01
-5.518716e-01 4.374470e-02 -8.327810e-01 -6.034242e+01 -1.308794e-02 -9.989546e-01 -4.380037e-02 -5.379319e+00 -8.338264e-01 -1.327279e-02 5.518671e-01 8.747968e+01
-5.435870e-01 4.696803e-02 -8.380377e-01 -6.142105e+01 -1.380948e-02 -9.987984e-01 -4.702049e-02 -5.454286e+00 -8.392392e-01 -1.398687e-02 5.435825e-01 8.819633e+01
-5.343517e-01 4.768219e-02 -8.439162e-01 -6.245197e+01 -1.453682e-02 -9.987784e-01 -4.722763e-02 -5.521434e+00 -8.451372e-01 -1.296831e-02 5.343921e-01 8.887148e+01
-5.206361e-01 4.836938e-02 -8.524074e-01 -6.351824e+01 -1.491218e-02 -9.987568e-01 -4.756578e-02 -5.590139e+00 -8.536485e-01 -1.205321e-02 5.207102e-01 8.953911e+01
-5.100844e-01 4.903425e-02 -8.587256e-01 -6.462300e+01 -1.534288e-02 -9.987336e-01 -4.791519e-02 -5.660878e+00 -8.599875e-01 -1.126546e-02 5.101907e-01 9.020747e+01
-4.997220e-01 4.838445e-02 -8.648335e-01 -6.581580e+01 -1.184053e-02 -9.987269e-01 -4.903357e-02 -5.733802e+00 -8.661050e-01 -1.426307e-02 4.996587e-01 9.084126e+01
-4.929080e-01 4.883198e-02 -8.687101e-01 -6.691738e+01 -1.233141e-02 -9.987156e-01 -4.914299e-02 -5.805241e+00 -8.699940e-01 -1.351055e-02 4.928770e-01 9.146106e+01
-4.841257e-01 4.918404e-02 -8.736151e-01 -6.802380e+01 -1.277113e-02 -9.987098e-01 -4.914951e-02 -5.876795e+00 -8.749053e-01 -1.263750e-02 4.841292e-01 9.208725e+01
-4.759424e-01 4.947662e-02 -8.780837e-01 -6.916830e+01 -1.322545e-02 -9.987061e-01 -4.910471e-02 -5.949944e+00 -8.793770e-01 -1.175796e-02 4.759809e-01 9.269147e+01
-4.619747e-01 4.554073e-02 -8.857231e-01 -7.028220e+01 -1.112295e-02 -9.988998e-01 -4.555837e-02 -6.005377e+00 -8.868233e-01 -1.119496e-02 4.619730e-01 9.322304e+01
-4.497909e-01 4.612594e-02 -8.919420e-01 -7.135880e+01 -1.163524e-02 -9.988834e-01 -4.578886e-02 -6.070305e+00 -8.930581e-01 -1.021746e-02 4.498254e-01 9.384767e+01
-4.392021e-01 4.677744e-02 -8.971696e-01 -7.244857e+01 -1.220058e-02 -9.988620e-01 -4.610687e-02 -6.135438e+00 -8.983055e-01 -9.304238e-03 4.392730e-01 9.440630e+01
-4.326201e-01 4.754611e-02 -9.003218e-01 -7.359511e+01 -1.301021e-02 -9.988337e-01 -4.649691e-02 -6.203446e+00 -9.014825e-01 -8.402122e-03 4.327341e-01 9.495229e+01
-4.430844e-01 5.579809e-02 -8.947417e-01 -7.472309e+01 -1.766908e-02 -9.984108e-01 -5.351323e-02 -6.303396e+00 -8.963057e-01 -7.901612e-03 4.433662e-01 9.551512e+01
-4.380669e-01 5.638269e-02 -8.971725e-01 -7.583665e+01 -1.862293e-02 -9.983861e-01 -5.365034e-02 -6.379478e+00 -8.987495e-01 -6.794463e-03 4.384099e-01 9.605532e+01
-4.352758e-01 5.682955e-02 -8.985018e-01 -7.691834e+01 -1.986565e-02 -9.983691e-01 -5.352224e-02 -6.453998e+00 -9.000780e-01 -5.447613e-03 4.356948e-01 9.657596e+01
-4.325545e-01 5.724264e-02 -8.997889e-01 -7.801984e+01 -2.117796e-02 -9.983522e-01 -5.333218e-02 -6.529677e+00 -9.013591e-01 -4.013382e-03 4.330540e-01 9.711303e+01
-4.308631e-01 5.560652e-02 -9.007025e-01 -7.926080e+01 -2.894207e-02 -9.984378e-01 -4.779556e-02 -6.611741e+00 -9.019531e-01 5.474855e-03 4.317993e-01 9.771728e+01
-4.324449e-01 5.589624e-02 -8.999262e-01 -8.033013e+01 -3.053203e-02 -9.984121e-01 -4.734173e-02 -6.679132e+00 -9.011433e-01 7.003886e-03 4.334649e-01 9.821959e+01
-4.294190e-01 5.610990e-02 -9.013607e-01 -8.138912e+01 -3.188228e-02 -9.983878e-01 -4.696076e-02 -6.745467e+00 -9.025425e-01 8.571587e-03 4.305156e-01 9.873338e+01
-4.275590e-01 5.635747e-02 -9.022290e-01 -8.246328e+01 -3.340019e-02 -9.983582e-01 -4.653408e-02 -6.812702e+00 -9.033702e-01 1.023855e-02 4.287394e-01 9.922222e+01
-4.248612e-01 5.242756e-02 -9.037391e-01 -8.363904e+01 -3.606584e-02 -9.985092e-01 -4.097027e-02 -6.880245e+00 -9.045398e-01 1.518743e-02 4.261187e-01 9.974930e+01
-4.272263e-01 5.262223e-02 -9.026121e-01 -8.465986e+01 -3.786875e-02 -9.984704e-01 -4.028664e-02 -6.937176e+00 -9.033514e-01 1.696929e-02 4.285655e-01 1.002625e+02
-4.279984e-01 5.277934e-02 -9.022371e-01 -8.572263e+01 -3.963741e-02 -9.984290e-01 -3.960342e-02 -6.996779e+00 -9.029099e-01 1.881215e-02 4.294180e-01 1.007304e+02
-4.248137e-01 5.298887e-02 -9.037287e-01 -8.678316e+01 -4.130199e-02 -9.983804e-01 -3.912390e-02 -7.055721e+00 -9.043381e-01 2.070542e-02 4.263143e-01 1.012067e+02
-4.128087e-01 5.211456e-02 -9.093257e-01 -8.816396e+01 -4.704348e-02 -9.982492e-01 -3.585444e-02 -7.137284e+00 -9.096021e-01 2.797682e-02 4.145376e-01 1.018001e+02
-4.140607e-01 5.242794e-02 -9.087382e-01 -8.921541e+01 -4.888370e-02 -9.981800e-01 -3.531456e-02 -7.190858e+00 -9.089357e-01 2.980011e-02 4.158700e-01 1.022979e+02
-4.158575e-01 5.276071e-02 -9.078981e-01 -9.028558e+01 -5.062744e-02 -9.981107e-01 -3.481364e-02 -7.245994e+00 -9.080195e-01 3.148704e-02 4.177429e-01 1.027710e+02
-4.160632e-01 5.302467e-02 -9.077885e-01 -9.124470e+01 -5.204927e-02 -9.980505e-01 -3.444141e-02 -7.296949e+00 -9.078448e-01 3.291992e-02 4.180120e-01 1.031915e+02
-4.167356e-01 5.502250e-02 -9.073611e-01 -9.214825e+01 -4.789696e-02 -9.981090e-01 -3.852721e-02 -7.388201e+00 -9.077650e-01 2.740418e-02 4.185829e-01 1.036163e+02
-4.201722e-01 5.528536e-02 -9.057588e-01 -9.309331e+01 -4.919391e-02 -9.980624e-01 -3.809880e-02 -7.442629e+00 -9.061100e-01 2.854976e-02 4.220777e-01 1.040442e+02
-4.235266e-01 5.554166e-02 -9.041794e-01 -9.404374e+01 -5.041489e-02 -9.980169e-01 -3.769105e-02 -7.496933e+00 -9.044797e-01 2.962094e-02 4.254868e-01 1.044848e+02
-4.280373e-01 5.570311e-02 -9.020428e-01 -9.491134e+01 -5.153659e-02 -9.979791e-01 -3.717224e-02 -7.547600e+00 -9.022905e-01 3.057710e-02 4.300430e-01 1.048861e+02
-4.410549e-01 5.459011e-02 -8.958184e-01 -9.615528e+01 -4.128462e-02 -9.983259e-01 -4.051036e-02 -7.639423e+00 -8.965301e-01 1.911623e-02 4.425702e-01 1.055206e+02
-4.498700e-01 5.464285e-02 -8.914209e-01 -9.712138e+01 -4.242100e-02 -9.983073e-01 -3.978639e-02 -7.697905e+00 -8.920860e-01 1.991626e-02 4.514265e-01 1.059704e+02
-4.580577e-01 5.468108e-02 -8.872390e-01 -9.809787e+01 -4.343268e-02 -9.982908e-01 -3.910214e-02 -7.756442e+00 -8.878608e-01 2.062414e-02 4.596497e-01 1.064269e+02
-4.665524e-01 5.476337e-02 -8.827966e-01 -9.905488e+01 -4.439045e-02 -9.982734e-01 -3.846678e-02 -7.812815e+00 -8.833790e-01 2.124098e-02 4.681779e-01 1.069257e+02
-4.842018e-01 5.073546e-02 -8.734842e-01 -1.001752e+02 -3.638667e-02 -9.986214e-01 -3.783358e-02 -7.860803e+00 -8.741995e-01 1.346409e-02 4.853804e-01 1.076215e+02
-4.960427e-01 5.087942e-02 -8.668062e-01 -1.010855e+02 -3.717000e-02 -9.986109e-01 -3.734495e-02 -7.914909e+00 -8.675022e-01 1.369450e-02 4.972449e-01 1.081083e+02
-5.062996e-01 5.092252e-02 -8.608529e-01 -1.020113e+02 -3.769528e-02 -9.986078e-01 -3.690122e-02 -7.968625e+00 -8.615334e-01 1.376702e-02 5.075142e-01 1.086706e+02
-5.175754e-01 5.085503e-02 -8.541250e-01 -1.029455e+02 -3.817175e-02 -9.986107e-01 -3.632678e-02 -8.022269e+00 -8.547857e-01 1.380159e-02 5.187975e-01 1.092559e+02
-5.309620e-01 4.980842e-02 -8.459306e-01 -1.039762e+02 -2.693552e-02 -9.987586e-01 -4.190043e-02 -8.101766e+00 -8.469675e-01 5.380349e-04 5.316445e-01 1.098529e+02
-5.386298e-01 4.954839e-02 -8.410845e-01 -1.048629e+02 -2.717660e-02 -9.987716e-01 -4.143389e-02 -8.160047e+00 -8.421042e-01 5.402882e-04 5.393147e-01 1.104100e+02
-5.504929e-01 4.931487e-02 -8.333821e-01 -1.057775e+02 -2.758320e-02 -9.987832e-01 -4.088222e-02 -8.219327e+00 -8.343841e-01 4.819728e-04 5.511833e-01 1.109716e+02
-5.640743e-01 4.914229e-02 -8.242604e-01 -1.066996e+02 -2.806685e-02 -9.987917e-01 -4.034056e-02 -8.278678e+00 -8.252469e-01 3.793236e-04 5.647720e-01 1.115752e+02
-5.834459e-01 4.350773e-02 -8.109859e-01 -1.075270e+02 -2.338529e-02 -9.990500e-01 -3.677295e-02 -8.301777e+00 -8.118153e-01 -2.489893e-03 5.839091e-01 1.122286e+02
-5.949771e-01 4.341690e-02 -8.025692e-01 -1.083711e+02 -2.383507e-02 -9.990539e-01 -3.637630e-02 -8.354437e+00 -8.033891e-01 -2.513780e-03 5.954490e-01 1.128540e+02
-6.049614e-01 4.326791e-02 -7.950783e-01 -1.091875e+02 -2.424313e-02 -9.990605e-01 -3.592237e-02 -8.405850e+00 -7.958856e-01 -2.456469e-03 6.054420e-01 1.134564e+02
-6.150376e-01 4.299350e-02 -7.873249e-01 -1.099420e+02 -2.463498e-02 -9.990726e-01 -3.531224e-02 -8.454394e+00 -7.881130e-01 -2.322623e-03 6.155264e-01 1.140743e+02
-6.201990e-01 4.367119e-02 -7.832279e-01 -1.107297e+02 -2.551476e-02 -9.990439e-01 -3.550079e-02 -8.515428e+00 -7.840294e-01 -2.033689e-03 6.207203e-01 1.146700e+02
-6.300392e-01 4.327333e-02 -7.753567e-01 -1.115132e+02 -2.568100e-02 -9.990611e-01 -3.489061e-02 -8.565640e+00 -7.761385e-01 -2.070512e-03 6.305590e-01 1.153082e+02
-6.381235e-01 4.287491e-02 -7.687394e-01 -1.122666e+02 -2.565412e-02 -9.990779e-01 -3.442634e-02 -8.614091e+00 -7.695066e-01 -2.246919e-03 6.386349e-01 1.159007e+02
-6.472497e-01 4.251876e-02 -7.610914e-01 -1.130172e+02 -2.575912e-02 -9.990929e-01 -3.390869e-02 -8.662474e+00 -7.618428e-01 -2.342347e-03 6.477578e-01 1.165415e+02
-6.575094e-01 3.807818e-02 -7.524835e-01 -1.138104e+02 -2.011553e-02 -9.992533e-01 -3.298889e-02 -8.702348e+00 -7.531778e-01 -6.553899e-03 6.577843e-01 1.172245e+02
-6.658695e-01 3.757221e-02 -7.451215e-01 -1.145462e+02 -2.017634e-02 -9.992727e-01 -3.235724e-02 -8.749352e+00 -7.457954e-01 -6.511869e-03 6.661434e-01 1.178742e+02
-6.737717e-01 3.702424e-02 -7.380114e-01 -1.152588e+02 -2.020059e-02 -9.992936e-01 -3.168989e-02 -8.795260e+00 -7.386633e-01 -6.443494e-03 6.740438e-01 1.185274e+02
-6.806380e-01 3.646010e-02 -7.317121e-01 -1.159827e+02 -2.011531e-02 -9.993144e-01 -3.108306e-02 -8.841015e+00 -7.323437e-01 -6.437695e-03 6.809047e-01 1.191615e+02
-6.905707e-01 3.298441e-02 -7.225124e-01 -1.166547e+02 -1.955241e-02 -9.994459e-01 -2.693907e-02 -8.867940e+00 -7.230006e-01 -4.476472e-03 6.908330e-01 1.198177e+02
-6.965777e-01 3.219126e-02 -7.167588e-01 -1.173095e+02 -1.919812e-02 -9.994715e-01 -2.623094e-02 -8.907117e+00 -7.172245e-01 -4.511473e-03 6.968277e-01 1.204485e+02
-7.031044e-01 3.125636e-02 -7.103995e-01 -1.180044e+02 -1.878285e-02 -9.995013e-01 -2.538638e-02 -8.947467e+00 -7.108386e-01 -4.505944e-03 7.033408e-01 1.211160e+02
-7.104169e-01 3.025640e-02 -7.031304e-01 -1.186580e+02 -1.833165e-02 -9.995320e-01 -2.448923e-02 -8.985652e+00 -7.035422e-01 -4.508028e-03 7.106391e-01 1.217364e+02
-7.213255e-01 2.440113e-02 -6.921664e-01 -1.193029e+02 -1.437748e-02 -9.996914e-01 -2.025924e-02 -9.005814e+00 -6.924471e-01 -4.661898e-03 7.214536e-01 1.224139e+02
-7.293513e-01 2.329306e-02 -6.837428e-01 -1.199184e+02 -1.377931e-02 -9.997177e-01 -1.935893e-02 -9.038829e+00 -6.840006e-01 -4.697952e-03 7.294663e-01 1.230278e+02
-7.378023e-01 2.209125e-02 -6.746554e-01 -1.205048e+02 -1.316195e-02 -9.997451e-01 -1.834226e-02 -9.070242e+00 -6.748886e-01 -4.653184e-03 7.379050e-01 1.236152e+02
-7.439294e-01 2.077448e-02 -6.679353e-01 -1.210669e+02 -1.240965e-02 -9.997738e-01 -1.727395e-02 -9.100213e+00 -6.681430e-01 -4.561756e-03 7.440189e-01 1.241992e+02
-7.532564e-01 1.458095e-02 -6.575655e-01 -1.216152e+02 -7.470614e-03 -9.998794e-01 -1.361371e-02 -9.114418e+00 -6.576847e-01 -5.342194e-03 7.532744e-01 1.249610e+02
-7.618215e-01 1.322665e-02 -6.476520e-01 -1.221924e+02 -6.603577e-03 -9.998981e-01 -1.265271e-02 -9.141133e+00 -6.477534e-01 -5.362288e-03 7.618312e-01 1.256169e+02
-7.706597e-01 1.195684e-02 -6.371348e-01 -1.227473e+02 -5.738204e-03 -9.999136e-01 -1.182420e-02 -9.166258e+00 -6.372212e-01 -5.456424e-03 7.706617e-01 1.262101e+02
-7.805776e-01 1.072618e-02 -6.249668e-01 -1.233024e+02 -4.943944e-03 -9.999275e-01 -1.098662e-02 -9.191187e+00 -6.250393e-01 -5.486110e-03 7.805740e-01 1.268811e+02
-7.958813e-01 8.514591e-03 -6.053928e-01 -1.238351e+02 -2.324971e-03 -9.999368e-01 -1.100715e-02 -9.208125e+00 -6.054482e-01 -7.352867e-03 7.958508e-01 1.276115e+02
-8.061401e-01 7.184112e-03 -5.916811e-01 -1.243396e+02 -1.522384e-03 -9.999481e-01 -1.006705e-02 -9.231625e+00 -5.917227e-01 -7.214688e-03 8.061093e-01 1.282667e+02
-8.157464e-01 5.851965e-03 -5.783803e-01 -1.248398e+02 -7.572131e-04 -9.999588e-01 -9.049461e-03 -9.254647e+00 -5.784094e-01 -6.944108e-03 8.157171e-01 1.289722e+02
-8.238540e-01 4.514806e-03 -5.667841e-01 -1.253255e+02 -6.192910e-06 -9.999683e-01 -7.956401e-03 -9.276163e+00 -5.668020e-01 -6.551404e-03 8.238280e-01 1.296349e+02
-8.325334e-01 1.684398e-03 -5.539724e-01 -1.257426e+02 -1.955287e-06 -9.999954e-01 -3.037628e-03 -9.262791e+00 -5.539749e-01 -2.527844e-03 8.325295e-01 1.304093e+02
-8.403230e-01 4.851696e-04 -5.420858e-01 -1.261900e+02 6.205429e-04 -9.999980e-01 -1.856948e-03 -9.279135e+00 -5.420857e-01 -1.896823e-03 8.403211e-01 1.311137e+02
-8.466368e-01 -6.606437e-04 -5.321709e-01 -1.266384e+02 1.231583e-03 -9.999990e-01 -7.179283e-04 -9.294461e+00 -5.321698e-01 -1.263237e-03 8.466367e-01 1.318276e+02
-8.540251e-01 -1.815502e-03 -5.202287e-01 -1.270737e+02 1.898248e-03 -9.999982e-01 3.735804e-04 -9.308577e+00 -5.202284e-01 -6.684759e-04 8.540270e-01 1.325611e+02
-8.612471e-01 -4.614598e-04 -5.081863e-01 -1.275307e+02 -1.806247e-03 -9.999905e-01 3.969175e-03 -9.295967e+00 -5.081833e-01 4.336351e-03 8.612381e-01 1.332769e+02
-8.677001e-01 -1.655989e-03 -4.970853e-01 -1.279479e+02 -9.929901e-04 -9.999867e-01 5.064693e-03 -9.305634e+00 -4.970871e-01 4.888235e-03 8.676869e-01 1.339945e+02
-8.736332e-01 -2.766400e-03 -4.865772e-01 -1.283706e+02 -2.341971e-04 -9.999813e-01 6.105816e-03 -9.314242e+00 -4.865850e-01 5.448198e-03 8.736162e-01 1.347229e+02
-8.795439e-01 -3.767187e-03 -4.758028e-01 -1.287848e+02 4.618953e-04 -9.999749e-01 7.063504e-03 -9.321872e+00 -4.758175e-01 5.992891e-03 8.795236e-01 1.354556e+02
-8.850114e-01 -3.850393e-03 -4.655536e-01 -1.291887e+02 1.642723e-03 -9.999855e-01 5.147652e-03 -9.312551e+00 -4.655666e-01 3.790956e-03 8.850048e-01 1.362794e+02
-8.899556e-01 -4.815493e-03 -4.560218e-01 -1.295818e+02 2.304713e-03 -9.999790e-01 6.061770e-03 -9.320501e+00 -4.560414e-01 4.343706e-03 8.899480e-01 1.370397e+02
-8.940755e-01 -5.838079e-03 -4.478784e-01 -1.300129e+02 2.968642e-03 -9.999704e-01 7.108439e-03 -9.327079e+00 -4.479066e-01 5.025891e-03 8.940663e-01 1.378166e+02
-8.980526e-01 -6.987728e-03 -4.398326e-01 -1.304293e+02 3.704130e-03 -9.999585e-01 8.323472e-03 -9.332541e+00 -4.398725e-01 5.845719e-03 8.980412e-01 1.386051e+02
-8.956784e-01 -5.862023e-03 -4.446638e-01 -1.308151e+02 2.010962e-03 -9.999563e-01 9.131824e-03 -9.326222e+00 -4.446979e-01 7.284975e-03 8.956510e-01 1.393838e+02
-8.976438e-01 -7.200279e-03 -4.406629e-01 -1.312056e+02 2.849419e-03 -9.999405e-01 1.053433e-02 -9.329408e+00 -4.407125e-01 8.200439e-03 8.976108e-01 1.401922e+02
-9.004366e-01 -8.573147e-03 -4.349027e-01 -1.316271e+02 3.743638e-03 -9.999215e-01 1.196030e-02 -9.330464e+00 -4.349711e-01 9.141370e-03 9.003980e-01 1.410266e+02
-9.038342e-01 -9.945501e-03 -4.277673e-01 -1.320502e+02 4.625052e-03 -9.998986e-01 1.347511e-02 -9.330080e+00 -4.278579e-01 1.020082e-02 9.037884e-01 1.418494e+02
-9.091022e-01 -1.750715e-02 -4.162051e-01 -1.324894e+02 9.766424e-03 -9.997376e-01 2.072027e-02 -9.279033e+00 -4.164586e-01 1.477201e-02 9.090346e-01 1.427959e+02
-9.123158e-01 -1.871490e-02 -4.090596e-01 -1.328924e+02 1.055565e-02 -9.996979e-01 2.219522e-02 -9.270041e+00 -4.093514e-01 1.593116e-02 9.122377e-01 1.436420e+02
-9.159553e-01 -1.980899e-02 -4.007911e-01 -1.332857e+02 1.130632e-02 -9.996583e-01 2.356873e-02 -9.258574e+00 -4.011211e-01 1.705644e-02 9.158663e-01 1.445355e+02
-9.197603e-01 -2.074151e-02 -3.919321e-01 -1.336758e+02 1.194226e-02 -9.996192e-01 2.487575e-02 -9.245243e+00 -3.922988e-01 1.819918e-02 9.196578e-01 1.454573e+02
-9.241086e-01 -1.726635e-02 -3.817399e-01 -1.340356e+02 7.805367e-03 -9.996232e-01 2.631854e-02 -9.204617e+00 -3.820505e-01 2.134157e-02 9.238951e-01 1.464473e+02
-9.288114e-01 -1.795539e-02 -3.701175e-01 -1.344113e+02 8.419271e-03 -9.995900e-01 2.736459e-02 -9.188495e+00 -3.704571e-01 2.230042e-02 9.285818e-01 1.473587e+02
-9.337893e-01 -1.867622e-02 -3.573354e-01 -1.347888e+02 9.160083e-03 -9.995574e-01 2.830496e-02 -9.168811e+00 -3.577059e-01 2.315765e-02 9.335471e-01 1.483578e+02
-9.386981e-01 -1.951921e-02 -3.441873e-01 -1.351649e+02 1.005844e-02 -9.995215e-01 2.925163e-02 -9.147724e+00 -3.445935e-01 2.399646e-02 9.384453e-01 1.493664e+02
-9.450529e-01 -1.487186e-02 -3.265789e-01 -1.355292e+02 8.109446e-03 -9.997238e-01 2.205866e-02 -9.155130e+00 -3.268168e-01 1.819823e-02 9.449125e-01 1.503379e+02
-9.512734e-01 -1.596242e-02 -3.079353e-01 -1.358635e+02 9.286325e-03 -9.996892e-01 2.313351e-02 -9.141304e+00 -3.082089e-01 1.914671e-02 9.511260e-01 1.513348e+02
-9.576023e-01 -1.709940e-02 -2.875856e-01 -1.361543e+02 1.058622e-02 -9.996514e-01 2.418773e-02 -9.127313e+00 -2.878989e-01 2.011778e-02 9.574495e-01 1.523262e+02
-9.635556e-01 -1.823193e-02 -2.668860e-01 -1.364440e+02 1.192764e-02 -9.996107e-01 2.522382e-02 -9.110274e+00 -2.672420e-01 2.112123e-02 9.633980e-01 1.533891e+02
-9.701375e-01 -2.787308e-02 -2.409487e-01 -1.367286e+02 2.161447e-02 -9.993578e-01 2.857941e-02 -9.073574e+00 -2.415906e-01 2.251798e-02 9.701169e-01 1.544590e+02
-9.753921e-01 -2.900041e-02 -2.185619e-01 -1.369729e+02 2.308312e-02 -9.992959e-01 2.957929e-02 -9.052161e+00 -2.192659e-01 2.380631e-02 9.753748e-01 1.555182e+02
-9.800146e-01 -3.014519e-02 -1.966282e-01 -1.371933e+02 2.456955e-02 -9.992255e-01 3.073474e-02 -9.029728e+00 -1.974025e-01 2.528942e-02 9.799963e-01 1.565834e+02
-9.846036e-01 -3.128655e-02 -1.719795e-01 -1.374068e+02 2.618053e-02 -9.991488e-01 3.187871e-02 -9.006244e+00 -1.728305e-01 2.688537e-02 9.845846e-01 1.576212e+02
-9.885957e-01 -3.489007e-02 -1.464968e-01 -1.375660e+02 2.923572e-02 -9.987487e-01 4.057494e-02 -8.951029e+00 -1.477291e-01 3.582926e-02 9.883786e-01 1.586740e+02
-9.917993e-01 -3.592572e-02 -1.226517e-01 -1.377526e+02 3.105043e-02 -9.986587e-01 4.143221e-02 -8.913961e+00 -1.239756e-01 3.728405e-02 9.915846e-01 1.597847e+02
-9.943593e-01 -3.694195e-02 -9.942263e-02 -1.378965e+02 3.287983e-02 -9.985685e-01 4.219056e-02 -8.876873e+00 -1.008389e-01 3.868358e-02 9.941505e-01 1.608927e+02
-9.962983e-01 -3.780848e-02 -7.720324e-02 -1.380112e+02 3.455782e-02 -9.984765e-01 4.301603e-02 -8.837138e+00 -7.871200e-02 4.018882e-02 9.960870e-01 1.620481e+02
-9.973401e-01 -3.845500e-02 -6.191879e-02 -1.381310e+02 3.601732e-02 -9.985497e-01 4.001556e-02 -8.786600e+00 -6.336779e-02 3.767897e-02 9.972787e-01 1.635002e+02
-9.983280e-01 -3.927060e-02 -4.241408e-02 -1.382012e+02 3.753725e-02 -9.984571e-01 4.091881e-02 -8.746095e+00 -4.395555e-02 3.925829e-02 9.982619e-01 1.647485e+02
-9.989570e-01 -4.008605e-02 -2.186415e-02 -1.382240e+02 3.914844e-02 -9.983611e-01 4.174600e-02 -8.707741e+00 -2.350174e-02 4.084652e-02 9.988890e-01 1.659421e+02
-9.991640e-01 -4.086897e-02 -1.067741e-03 -1.382303e+02 4.078670e-02 -9.982632e-01 4.250940e-02 -8.666083e+00 -2.803201e-03 4.243031e-02 9.990955e-01 1.671843e+02
-9.991019e-01 -3.962438e-02 1.500580e-02 -1.382856e+02 4.025767e-02 -9.981952e-01 4.455989e-02 -8.617732e+00 1.321306e-02 4.512398e-02 9.988940e-01 1.683878e+02
-9.986365e-01 -4.053048e-02 3.289932e-02 -1.382844e+02 4.199996e-02 -9.980912e-01 4.527714e-02 -8.573668e+00 3.100142e-02 4.659718e-02 9.984326e-01 1.695823e+02
-9.978368e-01 -4.138144e-02 5.108277e-02 -1.382411e+02 4.373383e-02 -9.979917e-01 4.582525e-02 -8.526998e+00 4.908387e-02 4.796017e-02 9.976425e-01 1.708318e+02
-9.966435e-01 -4.226448e-02 7.011022e-02 -1.381504e+02 4.556492e-02 -9.978942e-01 4.616321e-02 -8.480521e+00 6.801152e-02 4.920283e-02 9.964705e-01 1.720865e+02
-9.946617e-01 -4.395875e-02 9.335921e-02 -1.379983e+02 4.781550e-02 -9.980755e-01 3.948287e-02 -8.449979e+00 9.144393e-02 4.373610e-02 9.948493e-01 1.735110e+02
-9.928704e-01 -4.478034e-02 1.104683e-01 -1.378915e+02 4.941492e-02 -9.979939e-01 3.957787e-02 -8.411649e+00 1.084743e-01 4.475448e-02 9.930913e-01 1.747303e+02
-9.906183e-01 -4.567457e-02 1.287993e-01 -1.377331e+02 5.112435e-02 -9.979178e-01 3.932677e-02 -8.374961e+00 1.267349e-01 4.554260e-02 9.908906e-01 1.759422e+02
