-1.000000e+00 9.947598e-14 0.000000e+00 0.000000e+00 8.526513e-14 -1.000000e+00 0.000000e+00 2.910383e-11 0.000000e+00 0.000000e+00 1.000000e+00 0.000000e+00
-9.999999e-01 2.482087e-05 6.379352e-04 -1.147579e-02 -2.488994e-05 -1.000000e+00 -1.082752e-04 -8.117572e-04 6.379322e-04 -1.082911e-04 9.999999e-01 4.356464e-01
-9.999989e-01 1.431650e-04 1.552640e-03 5.455150e-03 -1.436126e-04 -9.999999e-01 -2.881716e-04 -2.065163e-03 1.552598e-03 -2.883942e-04 9.999989e-01 9.452795e-01
-9.999989e-01 3.755861e-04 1.498348e-03 6.028046e-03 -3.764115e-04 -9.999998e-01 -5.506629e-04 -3.760335e-03 1.498141e-03 -5.512263e-04 9.999988e-01 1.479689e+00
-9.999989e-01 6.536087e-04 1.366399e-03 3.729724e-03 -6.547711e-04 -9.999995e-01 -8.503961e-04 -5.797361e-03 1.365842e-03 -8.512898e-04 9.999988e-01 2.005889e+00
-9.999985e-01 9.321169e-04 1.559034e-03 8.212947e-03 -9.338490e-04 -9.999989e-01 -1.110619e-03 -8.314116e-03 1.557997e-03 -1.112073e-03 9.999982e-01 2.574396e+00
-9.999989e-01 1.219312e-03 9.657107e-04 1.688532e-02 -1.220641e-03 -9.999983e-01 -1.376744e-03 -1.133048e-02 9.640302e-04 -1.377922e-03 9.999987e-01 3.127305e+00
-9.999987e-01 1.480679e-03 6.328318e-04 9.226573e-03 -1.481783e-03 -9.999973e-01 -1.749148e-03 -1.505075e-02 6.302400e-04 -1.750084e-03 9.999984e-01 3.697824e+00
-9.999780e-01 4.574329e-03 -4.819333e-03 -2.826485e-02 -4.559704e-03 -9.999850e-01 -3.041192e-03 -4.620356e-02 -4.833172e-03 -3.019150e-03 9.999838e-01 4.401124e+00
-9.999797e-01 4.632981e-03 -4.403664e-03 -3.521185e-02 -4.616484e-03 -9.999824e-01 -3.749122e-03 -5.119491e-02 -4.420956e-03 -3.728716e-03 9.999834e-01 4.989666e+00
-9.999841e-01 4.598852e-03 -3.295581e-03 -3.792217e-02 -4.584284e-03 -9.999797e-01 -4.414242e-03 -5.659167e-02 -3.315815e-03 -4.399064e-03 9.999849e-01 5.582941e+00
-9.999841e-01 4.445390e-03 -3.491121e-03 -4.880762e-02 -4.428873e-03 -9.999790e-01 -4.724604e-03 -6.247127e-02 -3.512051e-03 -4.709067e-03 9.999828e-01 6.207599e+00
-9.999403e-01 -1.767256e-03 -1.079724e-02 -7.143236e-02 1.895777e-03 -9.999273e-01 -1.190455e-02 -9.907874e-02 -1.077542e-02 -1.192431e-02 9.998710e-01 6.959567e+00
-9.999421e-01 -1.985678e-03 -1.058748e-02 -8.135712e-02 2.105301e-03 -9.999340e-01 -1.129936e-02 -1.108530e-01 -1.056434e-02 -1.132100e-02 9.998803e-01 7.620300e+00
-9.999449e-01 -2.254453e-03 -1.025958e-02 -1.000379e-01 2.364509e-03 -9.999397e-01 -1.072760e-02 -1.230393e-01 -1.023478e-02 -1.075127e-02 9.998899e-01 8.293097e+00
-9.999469e-01 -2.644907e-03 -9.972820e-03 -1.203876e-01 2.750075e-03 -9.999406e-01 -1.054650e-02 -1.348173e-01 -9.944334e-03 -1.057336e-02 9.998948e-01 8.964990e+00
-9.998928e-01 -7.400384e-03 -1.264402e-02 -1.178935e-01 7.256919e-03 -9.999092e-01 1.135494e-02 -9.936423e-02 -1.272690e-02 1.126197e-02 9.998557e-01 9.681879e+00
-9.998745e-01 -7.655337e-03 -1.387521e-02 -1.224132e-01 7.498713e-03 -9.999080e-01 1.130505e-02 -9.507187e-02 -1.396048e-02 1.119959e-02 9.998399e-01 1.040565e+01
-9.998621e-01 -7.837507e-03 -1.465042e-02 -1.225903e-01 7.665941e-03 -9.999018e-01 1.173028e-02 -9.074581e-02 -1.474092e-02 1.161635e-02 9.998239e-01 1.114126e+01
-9.998485e-01 -6.318532e-03 -1.621981e-02 -1.688033e-01 6.161952e-03 -9.999341e-01 9.685450e-03 -9.646291e-02 -1.627994e-02 9.584039e-03 9.998216e-01 1.196629e+01
-9.998254e-01 -6.385889e-03 -1.756676e-02 -1.878615e-01 6.199883e-03 -9.999244e-01 1.062266e-02 -9.330547e-02 -1.763327e-02 1.051189e-02 9.997894e-01 1.274007e+01
-9.997964e-01 -6.352306e-03 -1.915685e-02 -2.006192e-01 6.132726e-03 -9.999151e-01 1.149924e-02 -8.948494e-02 -1.922827e-02 1.137941e-02 9.997505e-01 1.354148e+01
-9.998120e-01 -6.316925e-03 -1.833392e-02 -2.235417e-01 6.093585e-03 -9.999068e-01 1.221214e-02 -8.512070e-02 -1.840935e-02 1.209813e-02 9.997575e-01 1.434837e+01
-9.998668e-01 -3.045253e-03 -1.604129e-02 -2.320108e-01 2.777736e-03 -9.998571e-01 1.667274e-02 -7.657002e-02 -1.608977e-02 1.662596e-02 9.997324e-01 1.520419e+01
-9.998764e-01 -3.020301e-03 -1.543754e-02 -2.480681e-01 2.759151e-03 -9.998532e-01 1.690993e-02 -6.761962e-02 -1.548634e-02 1.686524e-02 9.997379e-01 1.604171e+01
-9.998998e-01 -2.839221e-03 -1.387433e-02 -2.520352e-01 2.605238e-03 -9.998546e-01 1.685347e-02 -5.858715e-02 -1.392017e-02 1.681563e-02 9.997618e-01 1.688432e+01
-9.999221e-01 -2.784884e-03 -1.217669e-02 -2.633542e-01 2.583081e-03 -9.998596e-01 1.655732e-02 -4.943157e-02 -1.222109e-02 1.652458e-02 9.997889e-01 1.775349e+01
-9.999428e-01 -2.830342e-03 -1.032437e-02 -2.794375e-01 2.662865e-03 -9.998653e-01 1.619928e-02 -4.022647e-02 -1.036883e-02 1.617086e-02 9.998156e-01 1.863057e+01
-9.999301e-01 -1.249005e-03 -1.176541e-02 -3.205370e-01 1.295234e-03 -9.999915e-01 -3.922450e-03 -9.318548e-02 -1.176041e-02 -3.937415e-03 9.999232e-01 1.961882e+01
-9.999303e-01 -1.359819e-03 -1.174078e-02 -3.390349e-01 1.409660e-03 -9.999900e-01 -4.237877e-03 -1.028092e-01 -1.173490e-02 -4.254132e-03 9.999222e-01 2.052999e+01
-9.999310e-01 -1.614497e-03 -1.164558e-02 -3.554606e-01 1.668685e-03 -9.999878e-01 -4.644890e-03 -1.128972e-01 -1.163794e-02 -4.664003e-03 9.999215e-01 2.144220e+01
-9.999419e-01 -2.073953e-03 -1.058270e-02 -3.804713e-01 2.127508e-03 -9.999850e-01 -5.051866e-03 -1.235729e-01 -1.057207e-02 -5.074087e-03 9.999313e-01 2.238894e+01
-9.999045e-01 -7.127772e-03 -1.185130e-02 -4.054160e-01 7.216036e-03 -9.999464e-01 -7.421711e-03 -1.354606e-01 -1.179777e-02 -7.506522e-03 9.999023e-01 2.339896e+01
-9.999123e-01 -7.668016e-03 -1.081142e-02 -4.258805e-01 7.752125e-03 -9.999399e-01 -7.759252e-03 -1.491822e-01 -1.075127e-02 -7.842382e-03 9.999115e-01 2.432335e+01
-9.999035e-01 -8.187417e-03 -1.123714e-02 -4.526509e-01 8.277945e-03 -9.999335e-01 -8.033572e-03 -1.635511e-01 -1.117062e-02 -8.125816e-03 9.999047e-01 2.526762e+01
-9.998212e-01 -1.294628e-02 -1.378688e-02 -4.765274e-01 1.304802e-02 -9.998881e-01 -7.315565e-03 -1.846434e-01 -1.369063e-02 -7.494148e-03 9.998783e-01 2.637938e+01
-9.998266e-01 -1.348734e-02 -1.285136e-02 -4.952521e-01 1.358309e-02 -9.998804e-01 -7.392197e-03 -1.995831e-01 -1.275012e-02 -7.565476e-03 9.998902e-01 2.736688e+01
-9.998326e-01 -1.405273e-02 -1.173045e-02 -5.148926e-01 1.414004e-02 -9.998727e-01 -7.393569e-03 -2.149006e-01 -1.162506e-02 -7.558200e-03 9.999039e-01 2.834319e+01
-9.998329e-01 -1.459600e-02 -1.101178e-02 -5.155073e-01 1.467814e-02 -9.998648e-01 -7.416500e-03 -2.312882e-01 -1.090204e-02 -7.576894e-03 9.999120e-01 2.935581e+01
-9.997343e-01 -1.433457e-02 -1.805509e-02 -5.434805e-01 1.439851e-02 -9.998906e-01 -3.416747e-03 -2.441742e-01 -1.800414e-02 -3.675806e-03 9.998313e-01 3.049586e+01
-9.996862e-01 -1.493059e-02 -2.012108e-02 -5.612469e-01 1.500120e-02 -9.998818e-01 -3.363020e-03 -2.569571e-01 -2.006849e-02 -3.663804e-03 9.997920e-01 3.153285e+01
-9.996635e-01 -1.549618e-02 -2.080553e-02 -5.836661e-01 1.556488e-02 -9.998739e-01 -3.144464e-03 -2.700547e-01 -2.075418e-02 -3.467242e-03 9.997787e-01 3.258160e+01
-9.996443e-01 -1.603567e-02 -2.131194e-02 -6.060677e-01 1.609772e-02 -9.998666e-01 -2.743485e-03 -2.831789e-01 -2.126511e-02 -3.085583e-03 9.997692e-01 3.363889e+01
-9.997456e-01 -1.530154e-02 -1.657490e-02 -6.253561e-01 1.524427e-02 -9.998774e-01 3.576247e-03 -2.908621e-01 -1.662759e-02 3.322665e-03 9.998564e-01 3.468119e+01
-9.997354e-01 -1.581303e-02 -1.671194e-02 -6.402134e-01 1.574603e-02 -9.998674e-01 4.133026e-03 -2.978126e-01 -1.677508e-02 3.868785e-03 9.998519e-01 3.574190e+01
-9.997267e-01 -1.630230e-02 -1.676454e-02 -6.564450e-01 1.622711e-02 -9.998577e-01 4.611084e-03 -3.044482e-01 -1.683733e-02 4.337783e-03 9.998489e-01 3.680521e+01
-9.997041e-01 -1.681394e-02 -1.758433e-02 -6.765548e-01 1.672709e-02 -9.998472e-01 5.074114e-03 -3.105510e-01 -1.766696e-02 4.778478e-03 9.998326e-01 3.788252e+01
-9.996666e-01 -1.587878e-02 -2.036333e-02 -7.154661e-01 1.577391e-02 -9.998615e-01 5.299993e-03 -3.206231e-01 -2.044467e-02 4.977017e-03 9.997787e-01 3.897276e+01
-9.996419e-01 -1.634302e-02 -2.119335e-02 -7.344982e-01 1.622151e-02 -9.998510e-01 5.892909e-03 -3.267024e-01 -2.128650e-02 5.547011e-03 9.997581e-01 4.003353e+01
-9.996009e-01 -1.681939e-02 -2.270049e-02 -7.714972e-01 1.667303e-02 -9.998391e-01 6.621151e-03 -3.324324e-01 -2.280819e-02 6.240022e-03 9.997205e-01 4.110303e+01
-9.995619e-01 -1.733590e-02 -2.399273e-02 -7.982129e-01 1.716489e-02 -9.998259e-01 7.315054e-03 -3.380090e-01 -2.411537e-02 6.900017e-03 9.996855e-01 4.217805e+01
-9.995996e-01 -1.628186e-02 -2.314541e-02 -8.474783e-01 1.602238e-02 -9.998072e-01 1.135278e-02 -3.445126e-01 -2.332579e-02 1.097739e-02 9.996678e-01 4.328331e+01
-9.995694e-01 -1.700735e-02 -2.391406e-02 -8.760545e-01 1.673291e-02 -9.997923e-01 1.162965e-02 -3.458735e-01 -2.410688e-02 1.122449e-02 9.996465e-01 4.436662e+01
-9.995663e-01 -1.780406e-02 -2.346355e-02 -9.028494e-01 1.752933e-02 -9.997760e-01 1.186302e-02 -3.471645e-01 -2.366950e-02 1.144658e-02 9.996544e-01 4.546663e+01
-9.995648e-01 -1.860086e-02 -2.290129e-02 -9.411488e-01 1.832394e-02 -9.997572e-01 1.224285e-02 -3.485024e-01 -2.312345e-02 1.181788e-02 9.996629e-01 4.655978e+01
-9.995769e-01 -1.945588e-02 -2.162617e-02 -9.659452e-01 1.918419e-02 -9.997353e-01 1.270038e-02 -3.500052e-01 -2.186754e-02 1.228012e-02 9.996855e-01 4.764167e+01
-9.995373e-01 -2.094184e-02 -2.206301e-02 -9.910377e-01 2.079085e-02 -9.997590e-01 7.050762e-03 -3.928149e-01 -2.220535e-02 6.588791e-03 9.997318e-01 4.868076e+01
-9.995341e-01 -2.168514e-02 -2.148271e-02 -1.009567e+00 2.152799e-02 -9.997399e-01 7.519851e-03 -4.004162e-01 -2.164019e-02 7.053869e-03 9.997410e-01 4.976145e+01
-9.995354e-01 -2.233812e-02 -2.074137e-02 -1.043153e+00 2.217854e-02 -9.997229e-01 7.892227e-03 -4.076246e-01 -2.091192e-02 7.428546e-03 9.997538e-01 5.083296e+01
-9.995320e-01 -2.300792e-02 -2.016126e-02 -1.061221e+00 2.284746e-02 -9.997057e-01 8.153222e-03 -4.147117e-01 -2.034292e-02 7.688773e-03 9.997636e-01 5.190881e+01
-9.995798e-01 -2.017782e-02 -2.081234e-02 -1.115591e+00 2.002196e-02 -9.997702e-01 7.670417e-03 -4.158734e-01 -2.096233e-02 7.250492e-03 9.997541e-01 5.297101e+01
-9.995658e-01 -2.078265e-02 -2.088913e-02 -1.144838e+00 2.062567e-02 -9.997576e-01 7.702072e-03 -4.237791e-01 -2.104414e-02 7.267875e-03 9.997522e-01 5.405083e+01
-9.995033e-01 -2.135277e-02 -2.317974e-02 -1.162224e+00 2.117918e-02 -9.997460e-01 7.708922e-03 -4.320408e-01 -2.333846e-02 7.214166e-03 9.997017e-01 5.515238e+01
-9.995925e-01 -1.605064e-02 -2.361164e-02 -1.186447e+00 1.609453e-02 -9.998690e-01 -1.669988e-03 -4.659709e-01 -2.358175e-02 -2.049325e-03 9.997199e-01 5.622086e+01
-9.995500e-01 -1.660281e-02 -2.498669e-02 -1.217227e+00 1.663907e-02 -9.998608e-01 -1.243646e-03 -4.846894e-01 -2.496257e-02 -1.658842e-03 9.996871e-01 5.731221e+01
-9.995258e-01 -1.706845e-02 -2.563144e-02 -1.243816e+00 1.708839e-02 -9.998538e-01 -5.589680e-04 -5.030800e-01 -2.561815e-02 -9.967030e-04 9.996714e-01 5.840396e+01
-9.995058e-01 -1.752366e-02 -2.610029e-02 -1.268191e+00 1.752480e-02 -9.998464e-01 1.852561e-04 -5.213446e-01 -2.609953e-02 -2.722376e-04 9.996594e-01 5.948896e+01
-9.995238e-01 -1.789395e-02 -2.514233e-02 -1.287744e+00 1.788079e-02 -9.998398e-01 7.482402e-04 -5.393075e-01 -2.515169e-02 2.983192e-04 9.996837e-01 6.056857e+01
-9.997736e-01 -9.817421e-03 -1.888095e-02 -1.288867e+00 9.549155e-03 -9.998529e-01 1.424624e-02 -4.899643e-01 -1.901804e-02 1.406272e-02 9.997203e-01 6.159548e+01
-9.998010e-01 -1.036167e-02 -1.705054e-02 -1.300711e+00 1.011576e-02 -9.998445e-01 1.444604e-02 -4.931502e-01 -1.719757e-02 1.427069e-02 9.997504e-01 6.266706e+01
-9.998134e-01 -1.099938e-02 -1.588495e-02 -1.312238e+00 1.076997e-02 -9.998375e-01 1.445598e-02 -4.964552e-01 -1.604137e-02 1.428220e-02 9.997694e-01 6.373904e+01
-9.997697e-01 -1.008838e-02 -1.894302e-02 -1.389645e+00 1.009040e-02 -9.999490e-01 -1.107016e-05 -5.341994e-01 -1.894194e-02 -2.022102e-04 9.998206e-01 6.485136e+01
-9.997854e-01 -1.114291e-02 -1.747137e-02 -1.405493e+00 1.114192e-02 -9.999379e-01 1.534545e-04 -5.526893e-01 -1.747200e-02 -4.124316e-05 9.998475e-01 6.594173e+01
-9.997954e-01 -1.226267e-02 -1.608961e-02 -1.413701e+00 1.225677e-02 -9.999248e-01 4.648038e-04 -5.713443e-01 -1.609410e-02 2.675020e-04 9.998705e-01 6.701266e+01
-9.997873e-01 -1.339807e-02 -1.568402e-02 -1.434179e+00 1.338681e-02 -9.999101e-01 8.222731e-04 -5.896214e-01 -1.569363e-02 6.121392e-04 9.998767e-01 6.809776e+01
-9.997000e-01 -1.806038e-02 -1.655111e-02 -1.490445e+00 1.796220e-02 -9.998203e-01 6.061323e-03 -5.674243e-01 -1.665760e-02 5.762210e-03 9.998448e-01 6.918681e+01
-9.996878e-01 -1.907327e-02 -1.615041e-02 -1.524339e+00 1.897008e-02 -9.997988e-01 6.518786e-03 -5.796263e-01 -1.627150e-02 6.210377e-03 9.998484e-01 7.028147e+01
-9.996666e-01 -2.000417e-02 -1.633516e-02 -1.561011e+00 1.989096e-02 -9.997772e-01 7.063368e-03 -5.915340e-01 -1.647282e-02 6.736091e-03 9.998417e-01 7.134779e+01
-9.996585e-01 -2.090285e-02 -1.569057e-02 -1.586469e+00 2.078418e-02 -9.997544e-01 7.688139e-03 -6.033411e-01 -1.584742e-02 7.359398e-03 9.998474e-01 7.242013e+01
-9.997104e-01 -1.239697e-02 -2.063017e-02 -1.590757e+00 1.214345e-02 -9.998497e-01 1.236898e-02 -5.912720e-01 -2.078041e-02 1.211488e-02 9.997107e-01 7.355391e+01
-9.996721e-01 -1.327873e-02 -2.190049e-02 -1.615408e+00 1.300151e-02 -9.998342e-01 1.275228e-02 -5.978752e-01 -2.206620e-02 1.246336e-02 9.996790e-01 7.463596e+01
-9.996556e-01 -1.422124e-02 -2.206028e-02 -1.640656e+00 1.393642e-02 -9.998183e-01 1.301132e-02 -6.041837e-01 -2.224131e-02 1.269940e-02 9.996721e-01 7.571954e+01
-9.996161e-01 -1.526231e-02 -2.312407e-02 -1.670156e+00 1.495593e-02 -9.997988e-01 1.336505e-02 -6.102250e-01 -2.332340e-02 1.301408e-02 9.996433e-01 7.680014e+01
-9.995510e-01 -1.630171e-02 -2.514429e-02 -1.696711e+00 1.595475e-02 -9.997755e-01 1.393801e-02 -6.155855e-01 -2.536586e-02 1.353058e-02 9.995868e-01 7.790316e+01
-9.995338e-01 -1.564308e-02 -2.622116e-02 -1.733413e+00 1.541722e-02 -9.998425e-01 8.793828e-03 -6.349994e-01 -2.635460e-02 8.385472e-03 9.996176e-01 7.896200e+01
-9.994876e-01 -1.674055e-02 -2.728432e-02 -1.761595e+00 1.648437e-02 -9.998182e-01 9.587377e-03 -6.459641e-01 -2.743986e-02 9.132700e-03 9.995819e-01 8.003860e+01
-9.994898e-01 -1.777261e-02 -2.654196e-02 -1.794819e+00 1.750692e-02 -9.997946e-01 1.020933e-02 -6.557617e-01 -2.671796e-02 9.739456e-03 9.995957e-01 8.111823e+01
-9.994341e-01 -1.871302e-02 -2.795572e-02 -1.816029e+00 1.841769e-02 -9.997723e-01 1.078424e-02 -6.653577e-01 -2.815115e-02 1.026326e-02 9.995511e-01 8.217152e+01
-9.995052e-01 -1.952265e-02 -2.466700e-02 -1.857939e+00 1.913963e-02 -9.996940e-01 1.566921e-02 -6.353164e-01 -2.496536e-02 1.518933e-02 9.995730e-01 8.316392e+01
-9.994567e-01 -2.036325e-02 -2.592017e-02 -1.886756e+00 1.994661e-02 -9.996693e-01 1.623209e-02 -6.394882e-01 -2.624214e-02 1.570625e-02 9.995323e-01 8.420871e+01
-9.994180e-01 -2.115420e-02 -2.676416e-02 -1.918420e+00 2.070773e-02 -9.996435e-01 1.685027e-02 -6.435322e-01 -2.711107e-02 1.628624e-02 9.994999e-01 8.523300e+01
-9.994028e-01 -2.186821e-02 -2.675696e-02 -1.943311e+00 2.140305e-02 -9.996169e-01 1.754900e-02 -6.470539e-01 -2.713048e-02 1.696584e-02 9.994880e-01 8.626048e+01
-9.995185e-01 -1.680460e-02 -2.608758e-02 -1.961498e+00 1.634639e-02 -9.997101e-01 1.767932e-02 -6.520287e-01 -2.637711e-02 1.724436e-02 9.995034e-01 8.722701e+01
-9.994684e-01 -1.741987e-02 -2.756145e-02 -1.985986e+00 1.691692e-02 -9.996880e-01 1.837745e-02 -6.560116e-01 -2.787299e-02 1.790143e-02 9.994513e-01 8.821696e+01
-9.993944e-01 -1.797691e-02 -2.979846e-02 -2.007853e+00 1.741440e-02 -9.996672e-01 1.903018e-02 -6.607212e-01 -3.013065e-02 1.849973e-02 9.993749e-01 8.914978e+01
-9.992944e-01 -1.855608e-02 -3.265748e-02 -2.039245e+00 1.792161e-02 -9.996470e-01 1.961486e-02 -6.648061e-01 -3.300992e-02 1.901574e-02 9.992742e-01 9.008265e+01
-9.991599e-01 -1.333279e-02 -3.875539e-02 -2.104120e+00 1.253813e-02 -9.997076e-01 2.067580e-02 -6.553454e-01 -3.901972e-02 2.017251e-02 9.990349e-01 9.087363e+01
-9.990267e-01 -1.392636e-02 -4.185708e-02 -2.138714e+00 1.304430e-02 -9.996886e-01 2.127279e-02 -6.594381e-01 -4.214031e-02 2.070609e-02 9.988972e-01 9.174181e+01
-9.987923e-01 -1.457186e-02 -4.692259e-02 -2.182975e+00 1.355485e-02 -9.996679e-01 2.191992e-02 -6.633110e-01 -4.722642e-02 2.125742e-02 9.986581e-01 9.259530e+01
-9.986916e-01 -1.412555e-02 -4.914976e-02 -2.246715e+00 1.303747e-02 -9.996644e-01 2.238874e-02 -6.573078e-01 -4.944951e-02 2.171865e-02 9.985406e-01 9.338147e+01
-9.985229e-01 -1.487978e-02 -5.225848e-02 -2.299871e+00 1.368716e-02 -9.996393e-01 2.310581e-02 -6.611397e-01 -5.258344e-02 2.235641e-02 9.983664e-01 9.419844e+01
-9.983850e-01 -1.569749e-02 -5.460038e-02 -2.345239e+00 1.441447e-02 -9.996125e-01 2.381323e-02 -6.657888e-01 -5.495303e-02 2.298774e-02 9.982244e-01 9.496341e+01
-9.982074e-01 -1.656578e-02 -5.751218e-02 -2.386739e+00 1.517952e-02 -9.995856e-01 2.445740e-02 -6.709218e-01 -5.789350e-02 2.354055e-02 9.980453e-01 9.569434e+01
-9.980305e-01 -1.750629e-02 -6.023945e-02 -2.435766e+00 1.603024e-02 -9.995614e-01 2.489965e-02 -6.759429e-01 -6.064894e-02 2.388496e-02 9.978734e-01 9.640939e+01
-9.978482e-01 -2.133360e-02 -6.200081e-02 -2.501314e+00 1.983783e-02 -9.994994e-01 2.464125e-02 -6.634700e-01 -6.249546e-02 2.335826e-02 9.977720e-01 9.700148e+01
-9.976937e-01 -2.239746e-02 -6.407677e-02 -2.552260e+00 2.084898e-02 -9.994766e-01 2.473355e-02 -6.690239e-01 -6.459720e-02 2.334058e-02 9.976385e-01 9.766481e+01
-9.974943e-01 -2.348609e-02 -6.673587e-02 -2.609766e+00 2.187329e-02 -9.994532e-01 2.479567e-02 -6.748300e-01 -6.728173e-02 2.327380e-02 9.974626e-01 9.829411e+01
-9.974433e-01 -2.463523e-02 -6.708271e-02 -2.656069e+00 2.301514e-02 -9.994271e-01 2.481735e-02 -6.808108e-01 -6.765565e-02 2.320999e-02 9.974388e-01 9.890897e+01
-9.975659e-01 -2.925391e-02 -6.329924e-02 -2.669758e+00 2.843755e-02 -9.995009e-01 1.375974e-02 -6.858335e-01 -6.367017e-02 1.192617e-02 9.978998e-01 9.940179e+01
-9.977304e-01 -3.062581e-02 -5.996912e-02 -2.716216e+00 2.984652e-02 -9.994586e-01 1.384792e-02 -6.986400e-01 -6.036076e-02 1.202662e-02 9.981043e-01 9.996151e+01
-9.979252e-01 -3.198915e-02 -5.587689e-02 -2.754109e+00 3.125206e-02 -9.994133e-01 1.401602e-02 -7.113175e-01 -5.629247e-02 1.224067e-02 9.983394e-01 1.005190e+02
-9.982780e-01 -3.327428e-02 -4.831311e-02 -2.791613e+00 3.262357e-02 -9.993669e-01 1.419548e-02 -7.239143e-01 -4.875487e-02 1.259489e-02 9.987314e-01 1.010406e+02
-9.987771e-01 -3.888139e-02 -3.053982e-02 -2.792657e+00 3.830459e-02 -9.990807e-01 1.924982e-02 -6.935477e-01 -3.126021e-02 1.805646e-02 9.993482e-01 1.014281e+02
-9.990160e-01 -3.996165e-02 -1.923986e-02 -2.805941e+00 3.959047e-02 -9.990296e-01 1.930122e-02 -7.042751e-01 -1.999250e-02 1.852052e-02 9.996287e-01 1.018908e+02
-9.991455e-01 -4.096766e-02 -5.481322e-03 -2.809679e+00 4.085557e-02 -9.989806e-01 1.920018e-02 -7.153338e-01 -6.262321e-03 1.895983e-02 9.998007e-01 1.023318e+02
-9.990763e-01 -4.188441e-02 9.610070e-03 -2.808496e+00 4.206018e-02 -9.989367e-01 1.888221e-02 -7.262356e-01 8.808981e-03 1.926897e-02 9.997756e-01 1.027681e+02
-9.987013e-01 -3.572359e-02 3.632615e-02 -2.734645e+00 3.651290e-02 -9.991061e-01 2.130212e-02 -6.974100e-01 3.553269e-02 2.260083e-02 9.991130e-01 1.030858e+02
-9.977855e-01 -3.646801e-02 5.562752e-02 -2.702667e+00 3.765699e-02 -9.990809e-01 2.047737e-02 -7.075400e-01 5.482963e-02 2.252679e-02 9.982417e-01 1.034910e+02
-9.963453e-01 -3.705408e-02 7.696146e-02 -2.645128e+00 3.865648e-02 -9.990636e-01 1.943586e-02 -7.178811e-01 7.616922e-02 2.233989e-02 9.968447e-01 1.039039e+02
-9.923900e-01 -2.903501e-02 1.196631e-01 -2.562940e+00 3.005397e-02 -9.995257e-01 6.718992e-03 -7.024707e-01 1.194112e-01 1.026421e-02 9.927920e-01 1.042750e+02
-9.884534e-01 -2.936053e-02 1.486543e-01 -2.481269e+00 3.052319e-02 -9.995187e-01 5.545444e-03 -7.171999e-01 1.484199e-01 1.001882e-02 9.888738e-01 1.046679e+02
-9.835185e-01 -2.959142e-02 1.783703e-01 -2.389573e+00 3.085355e-02 -9.995146e-01 4.305526e-03 -7.318733e-01 1.781563e-01 9.737920e-03 9.839541e-01 1.050571e+02
-9.767184e-01 -2.966126e-02 2.124654e-01 -2.276047e+00 3.099257e-02 -9.995153e-01 2.937535e-03 -7.471923e-01 2.122753e-01 9.453992e-03 9.771643e-01 1.054161e+02
-9.677062e-01 -2.963882e-02 2.503327e-01 -2.146067e+00 3.098971e-02 -9.995186e-01 1.455589e-03 -7.628805e-01 2.501690e-01 9.166322e-03 9.681589e-01 1.057720e+02
-9.521666e-01 -1.807688e-02 3.050446e-01 -2.029094e+00 1.891495e-02 -9.998211e-01 -2.080199e-04 -7.321264e-01 3.049938e-01 5.571836e-03 9.523382e-01 1.060730e+02
-9.381555e-01 -1.826412e-02 3.457324e-01 -1.873101e+00 1.898289e-02 -9.998189e-01 -1.307114e-03 -7.474958e-01 3.456937e-01 5.336721e-03 9.383324e-01 1.064119e+02
-9.218230e-01 -1.842885e-02 3.871731e-01 -1.708355e+00 1.901220e-02 -9.998165e-01 -2.323479e-03 -7.628067e-01 3.871449e-01 5.219176e-03 9.220042e-01 1.067419e+02
-9.028209e-01 -1.857560e-02 4.296156e-01 -1.536822e+00 1.900340e-02 -9.998140e-01 -3.294748e-03 -7.777858e-01 4.295969e-01 5.189591e-03 9.030060e-01 1.070605e+02
-8.762953e-01 -1.858743e-02 4.814158e-01 -1.383324e+00 1.990189e-02 -9.997991e-01 -2.375834e-03 -7.576710e-01 4.813633e-01 7.499153e-03 8.764892e-01 1.073501e+02
-8.525639e-01 -1.865419e-02 5.222902e-01 -1.178722e+00 1.976533e-02 -9.997987e-01 -3.444868e-03 -7.724491e-01 5.222494e-01 7.386271e-03 8.527609e-01 1.076287e+02
-8.267634e-01 -1.881917e-02 5.622351e-01 -9.615417e-01 1.959169e-02 -9.997972e-01 -4.655804e-03 -7.873321e-01 5.622088e-01 7.165891e-03 8.269644e-01 1.078981e+02
-7.976074e-01 -1.918438e-02 6.028720e-01 -7.324306e-01 1.945846e-02 -9.997922e-01 -6.071251e-03 -8.022923e-01 6.028632e-01 6.888487e-03 7.978150e-01 1.081523e+02
-7.591056e-01 -1.983095e-02 6.506656e-01 -4.756103e-01 1.788364e-02 -9.997939e-01 -9.607526e-03 -7.926033e-01 6.507220e-01 4.343145e-03 7.593037e-01 1.083721e+02
-7.250291e-01 -2.070626e-02 6.884071e-01 -2.128550e-01 1.794157e-02 -9.997765e-01 -1.117577e-02 -8.080214e-01 6.884846e-01 4.248349e-03 7.252386e-01 1.086212e+02
-6.873858e-01 -2.154646e-02 7.259730e-01 8.209769e-02 1.786158e-02 -9.997590e-01 -1.276007e-02 -8.238459e-01 7.260730e-01 4.195935e-03 6.876050e-01 1.088752e+02
-6.483988e-01 -2.217197e-02 7.609781e-01 3.928318e-01 1.756654e-02 -9.997454e-01 -1.416099e-02 -8.402675e-01 7.610983e-01 4.185780e-03 6.486232e-01 1.091138e+02
-5.977979e-01 -3.421220e-02 8.009166e-01 6.464920e-01 2.442200e-02 -9.994023e-01 -2.446239e-02 -8.190525e-01 8.012748e-01 4.936414e-03 5.982762e-01 1.092990e+02
-5.517588e-01 -3.456059e-02 8.332875e-01 9.825192e-01 2.342740e-02 -9.993890e-01 -2.593728e-02 -8.394362e-01 8.336747e-01 5.210634e-03 5.522313e-01 1.094918e+02
-5.047157e-01 -3.477171e-02 8.625851e-01 1.314114e+00 2.238385e-02 -9.993797e-01 -2.718881e-02 -8.594132e-01 8.629955e-01 5.585359e-03 5.051810e-01 1.096500e+02
-4.538701e-01 -3.466646e-02 8.903934e-01 1.666027e+00 2.108357e-02 -9.993810e-01 -2.816260e-02 -8.804814e-01 8.908185e-01 5.990513e-03 4.543200e-01 1.098005e+02
-3.978136e-01 -2.297700e-02 9.171786e-01 2.014403e+00 1.978692e-02 -9.996687e-01 -1.646123e-02 -8.499926e-01 9.172530e-01 1.159964e-02 3.981364e-01 1.098876e+02
-3.457520e-01 -2.301470e-02 9.380437e-01 2.379795e+00 1.949030e-02 -9.996596e-01 -1.734254e-02 -8.663415e-01 9.381236e-01 1.228653e-02 3.460829e-01 1.100010e+02
-2.934422e-01 -2.326734e-02 9.556938e-01 2.770154e+00 1.932458e-02 -9.996439e-01 -1.840381e-02 -8.830416e-01 9.557816e-01 1.306793e-02 2.937873e-01 1.100996e+02
-2.437056e-01 -2.355153e-02 9.695634e-01 3.160932e+00 1.908579e-02 -9.996279e-01 -1.948450e-02 -8.994919e-01 9.696615e-01 1.375640e-02 2.440645e-01 1.101785e+02
-1.979276e-01 -2.725970e-02 9.798377e-01 3.586437e+00 2.626405e-02 -9.994018e-01 -2.249864e-02 -9.045823e-01 9.798648e-01 2.128140e-02 1.985252e-01 1.102797e+02
-1.512726e-01 -2.733994e-02 9.881140e-01 4.003840e+00 2.519760e-02 -9.993992e-01 -2.379463e-02 -9.222885e-01 9.881710e-01 2.129862e-02 1.518706e-01 1.103517e+02
-1.115665e-01 -2.742479e-02 9.933786e-01 4.434446e+00 2.411302e-02 -9.993995e-01 -2.488288e-02 -9.408241e-01 9.934645e-01 2.117726e-02 1.121608e-01 1.103921e+02
-7.837827e-02 -2.739973e-02 9.965472e-01 4.876554e+00 2.333949e-02 -9.993986e-01 -2.564249e-02 -9.599693e-01 9.966505e-01 2.124909e-02 7.897063e-02 1.104122e+02
-7.976734e-02 -2.726624e-02 9.964406e-01 5.365454e+00 6.130779e-03 -9.996203e-01 -2.686247e-02 -9.623433e-01 9.967948e-01 3.966209e-03 7.990422e-02 1.104493e+02
-5.318352e-02 -2.686873e-02 9.982232e-01 5.839825e+00 6.031394e-03 -9.996284e-01 -2.658520e-02 -9.815367e-01 9.985666e-01 4.606783e-03 5.332582e-02 1.104989e+02
-3.073553e-02 -2.631283e-02 9.991812e-01 6.343981e+00 5.822650e-03 -9.996412e-01 -2.614583e-02 -1.001606e+00 9.995107e-01 5.014277e-03 3.087771e-02 1.105069e+02
-9.499460e-03 -2.576395e-02 9.996231e-01 6.857749e+00 5.324896e-03 -9.996551e-01 -2.571418e-02 -1.021903e+00 9.999408e-01 5.078617e-03 9.633375e-03 1.105231e+02
-1.352169e-04 -1.518166e-02 9.998848e-01 7.480133e+00 1.436531e-02 -9.997816e-01 -1.517815e-02 -1.000089e+00 9.998969e-01 1.436161e-02 3.532772e-04 1.105457e+02
1.570678e-02 -1.499308e-02 9.997643e-01 8.001202e+00 1.389134e-02 -9.997877e-01 -1.521167e-02 -1.014359e+00 9.997802e-01 1.412699e-02 -1.549517e-02 1.105640e+02
2.955564e-02 -1.503725e-02 9.994501e-01 8.565626e+00 1.366335e-02 -9.997873e-01 -1.544638e-02 -1.029082e+00 9.994698e-01 1.411236e-02 -2.934389e-02 1.105551e+02
3.893925e-02 -1.507962e-02 9.991278e-01 9.149380e+00 1.342082e-02 -9.997880e-01 -1.561264e-02 -1.043842e+00 9.991515e-01 1.401706e-02 -3.872862e-02 1.105361e+02
3.881419e-02 -2.740072e-02 9.988708e-01 9.896803e+00 5.147927e-03 -9.996052e-01 -2.762090e-02 -1.070881e+00 9.992332e-01 6.214196e-03 -3.865781e-02 1.104411e+02
4.501052e-02 -2.717068e-02 9.986171e-01 1.050275e+01 4.471078e-03 -9.996145e-01 -2.739934e-02 -1.093277e+00 9.989766e-01 5.698154e-03 -4.487169e-02 1.104158e+02
4.616261e-02 -2.692353e-02 9.985711e-01 1.112217e+01 3.981589e-03 -9.996238e-01 -2.713598e-02 -1.116024e+00 9.989261e-01 5.228567e-03 -4.603804e-02 1.103968e+02
4.694885e-02 -2.670321e-02 9.985403e-01 1.174195e+01 3.719595e-03 -9.996310e-01 -2.690726e-02 -1.138603e+00 9.988905e-01 4.977431e-03 -4.683220e-02 1.103764e+02
3.051395e-02 -2.172998e-02 9.992982e-01 1.254475e+01 -3.118672e-03 -9.997609e-01 -2.164481e-02 -1.151591e+00 9.995296e-01 -2.456015e-03 -3.057443e-02 1.103825e+02
3.043099e-02 -2.157236e-02 9.993042e-01 1.320137e+01 -3.271040e-03 -9.997638e-01 -2.148268e-02 -1.171664e+00 9.995316e-01 -2.615024e-03 -3.049436e-02 1.103794e+02
2.949457e-02 -2.138540e-02 9.993362e-01 1.387528e+01 -3.388271e-03 -9.997675e-01 -2.129463e-02 -1.192029e+00 9.995593e-01 -2.757946e-03 -2.956017e-02 1.103590e+02
2.872490e-02 -2.113241e-02 9.993640e-01 1.456168e+01 -3.402054e-03 -9.997728e-01 -2.104327e-02 -1.212620e+00 9.995816e-01 -2.795425e-03 -2.879027e-02 1.103464e+02
2.509503e-02 -2.297627e-02 9.994211e-01 1.553808e+01 2.733856e-03 -9.997305e-01 -2.305203e-02 -1.233859e+00 9.996814e-01 3.310765e-03 -2.502545e-02 1.103184e+02
2.600270e-02 -2.251931e-02 9.994082e-01 1.626090e+01 2.712225e-03 -9.997410e-01 -2.259737e-02 -1.256917e+00 9.996583e-01 3.298213e-03 -2.593489e-02 1.103011e+02
2.729046e-02 -2.198344e-02 9.993858e-01 1.698221e+01 2.762146e-03 -9.997527e-01 -2.206694e-02 -1.279903e+00 9.996238e-01 3.362666e-03 -2.722298e-02 1.102816e+02
2.740563e-02 -2.139690e-02 9.993954e-01 1.771022e+01 3.116449e-03 -9.997641e-01 -2.149026e-02 -1.302727e+00 9.996197e-01 3.703519e-03 -2.733248e-02 1.102657e+02
2.620692e-02 -1.601999e-02 9.995282e-01 1.870365e+01 5.802824e-03 -9.998523e-01 -1.617733e-02 -1.318145e+00 9.996397e-01 6.224044e-03 -2.611009e-02 1.102581e+02
2.833856e-02 -1.521968e-02 9.994826e-01 1.948751e+01 6.139513e-03 -9.998626e-01 -1.539954e-02 -1.338285e+00 9.995796e-01 6.572737e-03 -2.824122e-02 1.102483e+02
3.199495e-02 -1.441822e-02 9.993841e-01 2.027059e+01 6.501074e-03 -9.998718e-01 -1.463338e-02 -1.358151e+00 9.994670e-01 6.965265e-03 -3.189711e-02 1.102310e+02
3.277247e-02 -1.382222e-02 9.993674e-01 2.108161e+01 7.263691e-03 -9.998747e-01 -1.406744e-02 -1.378007e+00 9.994366e-01 7.720120e-03 -3.266796e-02 1.102106e+02
3.244876e-02 -1.011815e-02 9.994223e-01 2.206930e+01 3.207579e-03 -9.999425e-01 -1.022756e-02 -1.391575e+00 9.994684e-01 3.537598e-03 -3.241445e-02 1.101701e+02
3.233887e-02 -9.809758e-03 9.994289e-01 2.287540e+01 4.010434e-03 -9.999425e-01 -9.944565e-03 -1.408290e+00 9.994690e-01 4.329740e-03 -3.229767e-02 1.101614e+02
3.205230e-02 -9.368253e-03 9.994423e-01 2.369398e+01 5.031120e-03 -9.999418e-01 -9.534283e-03 -1.424914e+00 9.994736e-01 5.333910e-03 -3.200330e-02 1.101513e+02
3.179836e-02 -8.711345e-03 9.994564e-01 2.451641e+01 6.160467e-03 -9.999413e-01 -8.911571e-03 -1.441553e+00 9.994754e-01 6.440492e-03 -3.174282e-02 1.101340e+02
3.747247e-02 -1.683612e-02 9.991559e-01 2.545433e+01 1.154569e-02 -9.997840e-01 -1.727972e-02 -1.505852e+00 9.992310e-01 1.218346e-02 -3.726999e-02 1.100856e+02
3.807012e-02 -1.533676e-02 9.991575e-01 2.632117e+01 1.299676e-02 -9.997900e-01 -1.584167e-02 -1.531239e+00 9.991906e-01 1.358890e-02 -3.786280e-02 1.100670e+02
3.722624e-02 -1.381732e-02 9.992114e-01 2.718690e+01 1.456778e-02 -9.997907e-01 -1.436806e-02 -1.556053e+00 9.992008e-01 1.509117e-02 -3.701716e-02 1.100373e+02
3.637594e-02 -1.266296e-02 9.992580e-01 2.802965e+01 1.594615e-02 -9.997851e-01 -1.325013e-02 -1.580296e+00 9.992111e-01 1.641630e-02 -3.616620e-02 1.100066e+02
3.368797e-02 -1.541554e-03 9.994313e-01 2.887309e+01 2.167751e-02 -9.997625e-01 -2.272752e-03 -1.560454e+00 9.991974e-01 2.174174e-02 -3.364655e-02 1.099919e+02
3.236875e-02 -1.170360e-03 9.994754e-01 2.973304e+01 2.272134e-02 -9.997400e-01 -1.906517e-03 -1.574888e+00 9.992178e-01 2.277113e-02 -3.233374e-02 1.099620e+02
3.005660e-02 -5.865598e-04 9.995481e-01 3.059586e+01 2.364805e-02 -9.997195e-01 -1.297762e-03 -1.588363e+00 9.992685e-01 2.367637e-02 -3.003430e-02 1.099374e+02
2.897529e-02 3.873901e-04 9.995801e-01 3.143473e+01 2.436387e-02 -9.997031e-01 -3.188090e-04 -1.601806e+00 9.992833e-01 2.436288e-02 -2.897613e-02 1.099036e+02
3.176951e-02 -1.775193e-02 9.993376e-01 3.219518e+01 1.298005e-02 -9.997506e-01 -1.817191e-02 -1.689087e+00 9.994110e-01 1.354877e-02 -3.153117e-02 1.098835e+02
3.164452e-02 -1.667836e-02 9.993601e-01 3.303666e+01 1.375099e-02 -9.997588e-01 -1.712044e-02 -1.717347e+00 9.994047e-01 1.428396e-02 -3.140755e-02 1.098570e+02
3.275174e-02 -1.569643e-02 9.993404e-01 3.384002e+01 1.462078e-02 -9.997621e-01 -1.618223e-02 -1.744202e+00 9.993567e-01 1.514114e-02 -3.251446e-02 1.098309e+02
3.364777e-02 -9.612317e-03 9.993876e-01 3.460407e+01 1.234072e-02 -9.998735e-01 -1.003248e-02 -1.745156e+00 9.993576e-01 1.267073e-02 -3.352489e-02 1.098306e+02
3.622553e-02 -8.715688e-03 9.993057e-01 3.542054e+01 1.326109e-02 -9.998698e-01 -9.201331e-03 -1.767095e+00 9.992558e-01 1.358521e-02 -3.610523e-02 1.097956e+02
3.741128e-02 -7.843565e-03 9.992693e-01 3.621917e+01 1.423648e-02 -9.998636e-01 -8.381224e-03 -1.788410e+00 9.991987e-01 1.453963e-02 -3.729451e-02 1.097744e+02
3.664856e-02 -7.015354e-03 9.993037e-01 3.701060e+01 1.525805e-02 -9.998549e-01 -7.578799e-03 -1.809098e+00 9.992118e-01 1.552518e-02 -3.653620e-02 1.097581e+02
3.826946e-02 -6.166804e-03 9.992486e-01 3.781552e+01 1.633791e-02 -9.998434e-01 -6.796189e-03 -1.829100e+00 9.991340e-01 1.658572e-02 -3.816271e-02 1.097424e+02
4.185307e-02 -8.678908e-03 9.990861e-01 3.863143e+01 1.803462e-02 -9.997928e-01 -9.440539e-03 -1.855651e+00 9.989611e-01 1.841326e-02 -4.168788e-02 1.097054e+02
4.330283e-02 -7.803516e-03 9.990316e-01 3.942312e+01 1.898527e-02 -9.997825e-01 -8.632293e-03 -1.878108e+00 9.988816e-01 1.934068e-02 -4.314525e-02 1.096692e+02
4.579810e-02 -7.009939e-03 9.989262e-01 4.020100e+01 1.987516e-02 -9.997711e-01 -7.927090e-03 -1.900198e+00 9.987531e-01 2.021687e-02 -4.564829e-02 1.096238e+02
5.309290e-02 -8.265141e-03 9.985554e-01 4.093837e+01 1.803399e-02 -9.997948e-01 -9.234261e-03 -1.923425e+00 9.984268e-01 1.849821e-02 -5.293295e-02 1.095881e+02
5.516572e-02 -7.479526e-03 9.984493e-01 4.169010e+01 1.879579e-02 -9.997870e-01 -8.528040e-03 -1.945246e+00 9.983004e-01 1.923710e-02 -5.501338e-02 1.095487e+02
5.700510e-02 -6.667804e-03 9.983517e-01 4.244346e+01 1.944441e-02 -9.997806e-01 -7.787608e-03 -1.966767e+00 9.981846e-01 1.985629e-02 -5.686294e-02 1.095017e+02
5.954731e-02 -5.892394e-03 9.982082e-01 4.318638e+01 2.008625e-02 -9.997731e-01 -7.099860e-03 -1.987057e+00 9.980235e-01 2.047304e-02 -5.941543e-02 1.094754e+02
6.227788e-02 -5.108136e-03 9.980459e-01 4.391685e+01 2.075101e-02 -9.997641e-01 -6.411789e-03 -2.006569e+00 9.978431e-01 2.110978e-02 -6.215718e-02 1.094546e+02
5.902563e-02 -4.967463e-03 9.982442e-01 4.471556e+01 1.799268e-02 -9.998199e-01 -6.039201e-03 -2.016024e+00 9.980944e-01 1.831756e-02 -5.892562e-02 1.094295e+02
5.913429e-02 -4.196708e-03 9.982413e-01 4.542097e+01 1.867452e-02 -9.998115e-01 -5.309559e-03 -2.035016e+00 9.980754e-01 1.895565e-02 -5.904477e-02 1.093908e+02
5.819791e-02 -3.583608e-03 9.982987e-01 4.611774e+01 1.930689e-02 -9.998025e-01 -4.714542e-03 -2.053694e+00 9.981184e-01 1.954842e-02 -5.811723e-02 1.093495e+02
5.785621e-02 -5.610630e-03 9.983093e-01 4.684267e+01 1.915037e-02 -9.997939e-01 -6.728819e-03 -2.066697e+00 9.981413e-01 1.950730e-02 -5.773684e-02 1.092974e+02
5.773066e-02 -5.272143e-03 9.983184e-01 4.754016e+01 1.977679e-02 -9.997838e-01 -6.423532e-03 -2.086134e+00 9.981363e-01 2.011436e-02 -5.761391e-02 1.092611e+02
5.817032e-02 -4.960763e-03 9.982945e-01 4.822516e+01 2.040193e-02 -9.997728e-01 -6.156925e-03 -2.105183e+00 9.980983e-01 2.072529e-02 -5.805590e-02 1.092278e+02
5.882968e-02 -4.646994e-03 9.982573e-01 4.890847e+01 2.093226e-02 -9.997635e-01 -5.887594e-03 -2.124118e+00 9.980487e-01 2.124214e-02 -5.871850e-02 1.091855e+02
5.873742e-02 -1.037255e-02 9.982197e-01 4.961800e+01 1.890799e-02 -9.997550e-01 -1.150110e-02 -2.145553e+00 9.980944e-01 1.954987e-02 -5.852691e-02 1.091477e+02
5.982305e-02 -1.003730e-02 9.981586e-01 5.029356e+01 1.944364e-02 -9.997480e-01 -1.121861e-02 -2.167456e+00 9.980197e-01 2.007897e-02 -5.961281e-02 1.091115e+02
6.090618e-02 -9.691599e-03 9.980965e-01 5.096622e+01 2.010052e-02 -9.997382e-01 -1.093412e-02 -2.189246e+00 9.979411e-01 2.072821e-02 -6.069542e-02 1.090734e+02
6.186596e-02 -9.296978e-03 9.980412e-01 5.162431e+01 2.062267e-02 -9.997312e-01 -1.059107e-02 -2.210707e+00 9.978715e-01 2.123751e-02 -6.165761e-02 1.090252e+02
6.092181e-02 -8.916624e-03 9.981028e-01 5.234820e+01 2.056987e-02 -9.997365e-01 -1.018676e-02 -2.230231e+00 9.979306e-01 2.115144e-02 -6.072235e-02 1.090110e+02
6.345945e-02 -8.448330e-03 9.979487e-01 5.301581e+01 2.118500e-02 -9.997275e-01 -9.810539e-03 -2.251167e+00 9.977596e-01 2.176412e-02 -6.326316e-02 1.089672e+02
6.623490e-02 -8.006031e-03 9.977720e-01 5.367833e+01 2.188526e-02 -9.997156e-01 -9.474430e-03 -2.271194e+00 9.975641e-01 2.246404e-02 -6.604087e-02 1.089350e+02
7.053828e-02 -7.713740e-03 9.974793e-01 5.433587e+01 2.243157e-02 -9.997050e-01 -9.317234e-03 -2.291370e+00 9.972569e-01 2.303224e-02 -7.034444e-02 1.088934e+02
8.090747e-02 -1.077941e-02 9.966635e-01 5.503099e+01 2.447464e-02 -9.996185e-01 -1.279818e-02 -2.299872e+00 9.964212e-01 2.542844e-02 -8.061279e-02 1.088409e+02
8.552236e-02 -1.065973e-02 9.962794e-01 5.569952e+01 2.503558e-02 -9.996040e-01 -1.284440e-02 -2.322445e+00 9.960217e-01 2.604092e-02 -8.522162e-02 1.087762e+02
9.071008e-02 -1.052983e-02 9.958218e-01 5.636762e+01 2.565883e-02 -9.995874e-01 -1.290693e-02 -2.344729e+00 9.955468e-01 2.672241e-02 -9.040248e-02 1.087060e+02
9.742036e-02 -1.034817e-02 9.951896e-01 5.705137e+01 2.620013e-02 -9.995728e-01 -1.295851e-02 -2.366490e+00 9.948985e-01 2.733652e-02 -9.710761e-02 1.086522e+02
1.066273e-01 -1.267014e-02 9.942185e-01 5.771473e+01 3.040160e-02 -9.994097e-01 -1.599679e-02 -2.370992e+00 9.938343e-01 3.193152e-02 -1.061792e-01 1.085944e+02
1.119924e-01 -1.237342e-02 9.936321e-01 5.838091e+01 3.115289e-02 -9.993873e-01 -1.595633e-02 -2.394715e+00 9.932207e-01 3.274150e-02 -1.115383e-01 1.085255e+02
1.171595e-01 -1.191711e-02 9.930417e-01 5.905682e+01 3.175543e-02 -9.993717e-01 -1.573960e-02 -2.418575e+00 9.926054e-01 3.337851e-02 -1.167074e-01 1.084552e+02
1.196924e-01 -1.126484e-02 9.927472e-01 5.972979e+01 3.236590e-02 -9.993598e-01 -1.524213e-02 -2.441857e+00 9.922834e-01 3.395553e-02 -1.192511e-01 1.083888e+02
1.164002e-01 -5.621148e-03 9.931866e-01 6.052724e+01 3.425929e-02 -9.993662e-01 -9.671267e-03 -2.436439e+00 9.926115e-01 3.515161e-02 -1.161338e-01 1.083139e+02
1.198048e-01 -4.734662e-03 9.927863e-01 6.121085e+01 3.515255e-02 -9.993414e-01 -9.007970e-03 -2.456029e+00 9.921750e-01 3.597817e-02 -1.195595e-01 1.082473e+02
1.211837e-01 -4.059110e-03 9.926220e-01 6.190494e+01 3.595909e-02 -9.993173e-01 -8.476537e-03 -2.475031e+00 9.919787e-01 3.672100e-02 -1.209551e-01 1.081770e+02
1.213619e-01 -3.588898e-03 9.926020e-01 6.259624e+01 3.651694e-02 -9.993004e-01 -8.077915e-03 -2.494226e+00 9.919365e-01 3.722713e-02 -1.211460e-01 1.080830e+02
1.220114e-01 -3.335739e-03 9.925233e-01 6.330671e+01 3.669032e-02 -9.992957e-01 -7.868862e-03 -2.513109e+00 9.918504e-01 3.737608e-02 -1.218031e-01 1.079941e+02
1.189784e-01 -9.858366e-03 9.928480e-01 6.417864e+01 2.663355e-02 -9.995592e-01 -1.311665e-02 -2.518998e+00 9.925396e-01 2.800367e-02 -1.186634e-01 1.078861e+02
1.189221e-01 -9.515774e-03 9.928581e-01 6.491194e+01 2.688477e-02 -9.995565e-01 -1.280016e-02 -2.540942e+00 9.925396e-01 2.821499e-02 -1.186135e-01 1.077993e+02
1.192765e-01 -8.982910e-03 9.928206e-01 6.565070e+01 2.710788e-02 -9.995568e-01 -1.230057e-02 -2.561826e+00 9.924911e-01 2.838043e-02 -1.189801e-01 1.077237e+02
1.183735e-01 -9.494958e-03 9.929239e-01 6.645648e+01 1.917732e-02 -9.997459e-01 -1.184646e-02 -2.569468e+00 9.927841e-01 2.044392e-02 -1.181614e-01 1.076146e+02
1.192929e-01 -8.905936e-03 9.928192e-01 6.719643e+01 1.898689e-02 -9.997565e-01 -1.124955e-02 -2.590313e+00 9.926776e-01 2.019254e-02 -1.190948e-01 1.075230e+02
1.211527e-01 -8.307556e-03 9.925992e-01 6.794135e+01 1.896555e-02 -9.997631e-01 -1.068237e-02 -2.610756e+00 9.924528e-01 2.011939e-02 -1.209665e-01 1.074392e+02
1.215055e-01 -7.760700e-03 9.925605e-01 6.866686e+01 1.897801e-02 -9.997685e-01 -1.014027e-02 -2.630696e+00 9.924095e-01 2.006892e-02 -1.213301e-01 1.073589e+02
1.249954e-01 -8.064964e-03 9.921246e-01 6.941029e+01 1.702292e-02 -9.998024e-01 -1.027205e-02 -2.652366e+00 9.920114e-01 1.817282e-02 -1.248334e-01 1.072519e+02
1.262842e-01 -7.511937e-03 9.919658e-01 7.015555e+01 1.701114e-02 -9.998079e-01 -9.736961e-03 -2.672261e+00 9.918483e-01 1.810409e-02 -1.261321e-01 1.071721e+02
1.273682e-01 -6.847454e-03 9.918320e-01 7.090009e+01 1.712608e-02 -9.998119e-01 -9.101829e-03 -2.692023e+00 9.917077e-01 1.814547e-02 -1.272270e-01 1.070997e+02
1.292323e-01 -6.219456e-03 9.915950e-01 7.164400e+01 1.725796e-02 -9.998147e-01 -8.520204e-03 -2.711154e+00 9.914643e-01 1.821399e-02 -1.291010e-01 1.070254e+02
1.318988e-01 -7.915732e-03 9.912317e-01 7.237913e+01 1.927801e-02 -9.997585e-01 -1.054906e-02 -2.715191e+00 9.910758e-01 2.050038e-02 -1.317144e-01 1.069017e+02
1.328176e-01 -7.406968e-03 9.911129e-01 7.311613e+01 1.948471e-02 -9.997593e-01 -1.008270e-02 -2.735166e+00 9.909490e-01 2.065071e-02 -1.326413e-01 1.068154e+02
1.333379e-01 -6.930708e-03 9.910465e-01 7.387202e+01 1.974122e-02 -9.997585e-01 -9.647667e-03 -2.754558e+00 9.908741e-01 2.085087e-02 -1.331689e-01 1.067325e+02
1.336944e-01 -6.391594e-03 9.910021e-01 7.462590e+01 1.992781e-02 -9.997597e-01 -9.136505e-03 -2.773605e+00 9.908223e-01 2.097001e-02 -1.335349e-01 1.066520e+02
1.347638e-01 -5.749180e-03 9.908612e-01 7.538393e+01 2.017641e-02 -9.997599e-01 -8.544940e-03 -2.792237e+00 9.906724e-01 2.114356e-02 -1.346155e-01 1.065690e+02
1.381071e-01 -6.534218e-03 9.903958e-01 7.620625e+01 2.207297e-02 -9.997096e-01 -9.673662e-03 -2.811216e+00 9.901714e-01 2.319698e-02 -1.379227e-01 1.063936e+02
1.402542e-01 -5.797864e-03 9.900986e-01 7.698305e+01 2.237219e-02 -9.997090e-01 -9.023312e-03 -2.830172e+00 9.898628e-01 2.341624e-02 -1.400836e-01 1.063051e+02
