-1.000000e+00 0.000000e+00 0.000000e+00 0.000000e+00 0.000000e+00 -1.000000e+00 0.000000e+00 0.000000e+00 0.000000e+00 0.000000e+00 1.000000e+00 0.000000e+00
-9.999806e-01 0.000000e+00 -6.235724e-03 -5.606716e-04 0.000000e+00 -1.000000e+00 0.000000e+00 0.000000e+00 -6.235724e-03 0.000000e+00 9.999806e-01 2.354378e-02
-9.999244e-01 0.000000e+00 -1.229351e-02 -1.153889e-03 0.000000e+00 -1.000000e+00 0.000000e+00 0.000000e+00 -1.229351e-02 0.000000e+00 9.999244e-01 4.755610e-02
-9.998491e-01 0.000000e+00 -1.737238e-02 3.767980e-03 0.000000e+00 -1.000000e+00 0.000000e+00 0.000000e+00 -1.737238e-02 0.000000e+00 9.998491e-01 7.988242e-02
-9.997539e-01 0.000000e+00 -2.218383e-02 8.211536e-03 0.000000e+00 -1.000000e+00 0.000000e+00 0.000000e+00 -2.218383e-02 0.000000e+00 9.997539e-01 1.121276e-01
-9.994856e-01 0.000000e+00 -3.207133e-02 1.388730e-02 0.000000e+00 -1.000000e+00 0.000000e+00 0.000000e+00 -3.207133e-02 0.000000e+00 9.994856e-01 1.203105e-01
-9.991725e-01 0.000000e+00 -4.067345e-02 1.670699e-02 0.000000e+00 -1.000000e+00 0.000000e+00 0.000000e+00 -4.067345e-02 0.000000e+00 9.991725e-01 1.362134e-01
-9.988665e-01 0.000000e+00 -4.760096e-02 2.459363e-02 0.000000e+00 -1.000000e+00 0.000000e+00 0.000000e+00 -4.760096e-02 0.000000e+00 9.988665e-01 1.533152e-01
-9.995663e-01 -1.175267e-02 -2.700317e-02 1.342668e-02 1.175862e-02 -9.999309e-01 -6.174692e-05 1.080781e-03 -2.700058e-02 -3.792401e-04 9.996354e-01 1.720932e-01
-9.994327e-01 -1.175267e-02 -3.156282e-02 1.578859e-02 1.175878e-02 -9.999309e-01 -8.104485e-06 1.045720e-03 -3.156054e-02 -3.792401e-04 9.995018e-01 1.913423e-01
-9.992866e-01 -1.175266e-02 -3.589113e-02 1.778063e-02 1.175870e-02 -9.999309e-01 4.282361e-05 1.014971e-03 -3.588916e-02 -3.792401e-04 9.993557e-01 2.106841e-01
-9.995144e-01 -2.101419e-02 -2.300883e-02 8.024410e-03 2.105044e-02 -9.997775e-01 -1.334728e-03 1.161856e-03 -2.297566e-02 -1.818426e-03 9.997344e-01 2.254016e-01
-9.993636e-01 -2.101419e-02 -2.882463e-02 1.455468e-02 2.105785e-02 -9.997775e-01 -1.212213e-03 9.928606e-04 -2.879274e-02 -1.818426e-03 9.995838e-01 2.428508e-01
-9.992958e-01 -2.101419e-02 -3.108428e-02 8.387601e-03 2.106054e-02 -9.997775e-01 -1.164594e-03 1.081342e-03 -3.105289e-02 -1.818426e-03 9.995161e-01 2.654714e-01
-9.991517e-01 -2.101419e-02 -3.541580e-02 6.376360e-03 2.106539e-02 -9.997775e-01 -1.073289e-03 1.096251e-03 -3.538537e-02 -1.818426e-03 9.993721e-01 2.805169e-01
-9.993302e-01 -2.287093e-02 -2.856673e-02 6.811577e-04 2.289039e-02 -9.997379e-01 -3.541729e-04 3.687294e-03 -2.855115e-02 -1.007839e-03 9.995919e-01 2.933649e-01
-9.991223e-01 -2.287093e-02 -3.509549e-02 2.026367e-03 2.289221e-02 -9.997379e-01 -2.046055e-04 3.654901e-03 -3.508161e-02 -1.007839e-03 9.993840e-01 2.949708e-01
-9.988315e-01 -2.287093e-02 -4.257425e-02 2.855415e-03 2.289310e-02 -9.997379e-01 -3.322144e-05 3.633596e-03 -4.256233e-02 -1.007839e-03 9.990934e-01 2.972911e-01
-9.984748e-01 -2.287093e-02 -5.025008e-02 5.416442e-03 2.289268e-02 -9.997379e-01 1.427375e-04 3.572120e-03 -5.024018e-02 -1.007839e-03 9.987367e-01 3.001559e-01
-9.993861e-01 -2.325877e-02 -2.620248e-02 5.603172e-03 2.320914e-02 -9.997282e-01 2.196656e-03 3.890806e-04 -2.624645e-02 1.587170e-03 9.996543e-01 3.031899e-01
-9.991627e-01 -2.325877e-02 -3.366023e-02 1.092899e-02 2.319210e-02 -9.997282e-01 2.369806e-03 2.521183e-04 -3.370620e-02 1.587171e-03 9.994305e-01 2.949658e-01
-9.987493e-01 -2.325877e-02 -4.425970e-02 1.219565e-02 2.316565e-02 -9.997282e-01 2.615747e-03 2.284957e-04 -4.430851e-02 1.587171e-03 9.990166e-01 2.986483e-01
-9.982346e-01 -2.325877e-02 -5.465186e-02 1.314436e-02 2.313717e-02 -9.997282e-01 2.856703e-03 2.116765e-04 -5.470346e-02 1.587171e-03 9.985014e-01 3.019567e-01
-9.994156e-01 -2.689194e-02 -2.110327e-02 2.480959e-03 2.692514e-02 -9.996366e-01 -1.290847e-03 4.099255e-04 -2.106088e-02 -1.858301e-03 9.997764e-01 3.221156e-01
-9.993458e-01 -2.689194e-02 -2.418243e-02 4.624955e-03 2.692899e-02 -9.996366e-01 -1.207883e-03 3.317542e-04 -2.414117e-02 -1.858301e-03 9.997069e-01 3.331400e-01
-9.994800e-01 -2.689193e-02 -1.779131e-02 -1.717778e-03 2.692071e-02 -9.996366e-01 -1.380064e-03 4.783191e-04 -1.774774e-02 -1.858301e-03 9.998408e-01 3.460855e-01
-9.995552e-01 -2.689193e-02 -1.290083e-02 -7.232892e-03 2.691364e-02 -9.996366e-01 -1.511765e-03 6.022685e-04 -1.285549e-02 -1.858301e-03 9.999156e-01 3.592200e-01
-9.996132e-01 -2.428042e-02 -1.356741e-02 1.237822e-03 2.429000e-02 -9.997048e-01 -5.417403e-04 5.217301e-03 -1.355026e-02 -8.710831e-04 9.999078e-01 3.635310e-01
-9.996683e-01 -2.428042e-02 -8.581558e-03 2.852947e-03 2.428699e-02 -9.997048e-01 -6.628823e-04 5.182753e-03 -8.562930e-03 -8.710828e-04 9.999630e-01 3.581606e-01
-9.996905e-01 -2.428042e-02 -5.430282e-03 7.430727e-03 2.428478e-02 -9.997048e-01 -7.394385e-04 5.073135e-03 -5.410727e-03 -8.710828e-04 9.999850e-01 3.563642e-01
-9.997050e-01 -2.428042e-02 -5.461061e-04 5.691543e-03 2.428088e-02 -9.997048e-01 -8.580761e-04 5.115336e-03 -5.251113e-04 -8.710829e-04 9.999995e-01 3.564092e-01
-9.994445e-01 -2.882107e-02 -1.673776e-02 -7.719911e-03 2.882911e-02 -9.995843e-01 -2.387117e-04 1.689579e-03 -1.672392e-02 -7.211138e-04 9.998599e-01 3.548865e-01
-9.994863e-01 -2.882108e-02 -1.402321e-02 -1.416345e-02 2.882835e-02 -9.995843e-01 -3.170106e-04 1.875906e-03 -1.400824e-02 -7.211138e-04 9.999016e-01 3.541382e-01
-9.995043e-01 -2.882107e-02 -1.267749e-02 -2.084425e-02 2.882790e-02 -9.995843e-01 -3.558244e-04 2.068941e-03 -1.266197e-02 -7.211134e-04 9.999196e-01 3.535723e-01
-9.995526e-01 -2.882108e-02 -8.000585e-03 -2.827655e-02 2.882592e-02 -9.995843e-01 -4.907090e-04 2.284621e-03 -7.983117e-03 -7.211136e-04 9.999679e-01 3.516550e-01
-9.998387e-01 -1.779354e-02 2.478808e-03 -1.612030e-02 1.778538e-02 -9.998364e-01 -3.277908e-03 3.270664e-03 2.536729e-03 -3.233293e-03 9.999916e-01 3.549309e-01
-9.994715e-01 -1.779354e-02 2.720148e-02 -1.152254e-02 1.769888e-02 -9.998364e-01 -3.716693e-03 3.327859e-03 2.726317e-02 -3.233293e-03 9.996231e-01 3.119420e-01
-9.989740e-01 -1.779354e-02 4.164746e-02 -1.566515e-02 1.764330e-02 -9.998364e-01 -3.972167e-03 3.510747e-03 4.171134e-02 -3.233292e-03 9.991245e-01 2.781850e-01
-9.988999e-01 -1.779354e-02 4.338763e-02 -1.667148e-02 1.763636e-02 -9.998364e-01 -4.002896e-03 3.531855e-03 4.345176e-02 -3.233293e-03 9.990503e-01 2.771957e-01
-9.981403e-01 -1.093590e-02 5.996853e-02 -8.394366e-03 1.098847e-02 -9.999395e-01 5.469212e-04 5.972804e-03 5.995892e-02 1.204866e-03 9.982001e-01 2.767805e-01
-9.988192e-01 -1.093590e-02 4.733576e-02 -4.683378e-03 1.098067e-02 -9.999395e-01 6.858982e-04 5.900103e-03 4.732539e-02 1.204867e-03 9.988788e-01 2.501268e-01
-9.988587e-01 -1.093590e-02 4.649321e-02 6.460166e-05 1.098009e-02 -9.999395e-01 6.951604e-04 5.826639e-03 4.648280e-02 1.204867e-03 9.989184e-01 2.322523e-01
-9.985398e-01 -1.093590e-02 5.290332e-02 -3.248465e-03 1.098432e-02 -9.999395e-01 6.246718e-04 5.848525e-03 5.289329e-02 1.204867e-03 9.985995e-01 2.203456e-01
-9.994916e-01 -1.306184e-02 2.908548e-02 -9.827787e-03 1.298372e-02 -9.999116e-01 -2.873126e-03 9.999381e-03 2.912043e-02 -2.494028e-03 9.995728e-01 2.092583e-01
-9.997336e-01 -1.306184e-02 1.903274e-02 -1.465982e-02 1.301195e-02 -9.999116e-01 -2.742411e-03 1.008998e-02 1.906688e-02 -2.494027e-03 9.998151e-01 1.982416e-01
-9.997389e-01 -1.306184e-02 1.874980e-02 -1.145833e-02 1.301273e-02 -9.999116e-01 -2.738729e-03 1.007596e-02 1.878391e-02 -2.494028e-03 9.998205e-01 1.870944e-01
-9.997641e-01 -1.306184e-02 1.735244e-02 -7.493595e-03 1.301655e-02 -9.999116e-01 -2.720538e-03 1.003479e-02 1.738644e-02 -2.494027e-03 9.998457e-01 1.828363e-01
-9.999107e-01 -5.244219e-03 1.229364e-02 1.363246e-02 5.102552e-03 -9.999205e-01 -1.152672e-02 7.726411e-03 1.235311e-02 -1.146296e-02 9.998580e-01 1.914931e-01
-9.998670e-01 -5.244219e-03 1.544324e-02 9.217368e-03 5.066219e-03 -9.999205e-01 -1.154274e-02 7.370711e-03 1.550254e-02 -1.146296e-02 9.998142e-01 2.245409e-01
-9.998161e-01 -5.244220e-03 1.844879e-02 9.208061e-03 5.031499e-03 -9.999205e-01 -1.155791e-02 6.916042e-03 1.850794e-02 -1.146296e-02 9.997630e-01 2.642061e-01
-9.997800e-01 -5.244219e-03 2.030963e-02 1.197973e-02 5.009978e-03 -9.999205e-01 -1.156726e-02 6.453532e-03 2.036868e-02 -1.146296e-02 9.997268e-01 3.032831e-01
-9.993785e-01 -1.954340e-02 2.933731e-02 -6.254371e-03 1.908639e-02 -9.996933e-01 -1.577795e-02 1.191350e-02 2.963667e-02 -1.520820e-02 9.994451e-01 3.385675e-01
-9.995726e-01 -1.954340e-02 2.173918e-02 -7.624449e-03 1.920578e-02 -9.996933e-01 -1.563240e-02 1.144608e-02 2.203803e-02 -1.520820e-02 9.996414e-01 3.710534e-01
-9.997989e-01 -1.954340e-02 4.498930e-03 -1.035639e-02 1.947250e-02 -9.996933e-01 -1.529888e-02 1.105666e-02 4.796543e-03 -1.520820e-02 9.998729e-01 4.001621e-01
-9.996809e-01 -1.954340e-02 -1.599992e-02 -1.227144e-02 1.978206e-02 -9.996933e-01 -1.489644e-02 1.081077e-02 -1.570389e-02 -1.520820e-02 9.997610e-01 4.187858e-01
-9.990444e-01 -1.584148e-02 -4.073588e-02 -7.555191e-03 1.633002e-02 -9.997984e-01 -1.168824e-02 -4.200423e-03 -4.054251e-02 -1.234229e-02 9.991016e-01 4.384381e-01
-9.985439e-01 -1.584148e-02 -5.156771e-02 -4.016843e-03 1.645582e-02 -9.997984e-01 -1.151047e-02 -4.553549e-03 -5.137497e-02 -1.234229e-02 9.986032e-01 4.625019e-01
-9.986856e-01 -1.584148e-02 -4.874549e-02 -1.672570e-03 1.642322e-02 -9.997984e-01 -1.155693e-02 -4.531405e-03 -4.855258e-02 -1.234229e-02 9.987444e-01 4.576992e-01
-9.990155e-01 -1.584148e-02 -4.143660e-02 -3.186317e-03 1.633822e-02 -9.997984e-01 -1.167679e-02 -4.359043e-03 -4.124326e-02 -1.234229e-02 9.990729e-01 4.456798e-01
-9.995326e-01 -2.178636e-02 -2.144619e-02 -7.224617e-03 2.212032e-02 -9.996358e-01 -1.546013e-02 -3.946522e-03 -2.110155e-02 -1.592729e-02 9.996505e-01 4.339416e-01
-9.993510e-01 -2.178636e-02 -2.868889e-02 4.073055e-03 2.223178e-02 -9.996358e-01 -1.529942e-02 -3.847468e-03 -2.834513e-02 -1.592730e-02 9.994714e-01 4.122711e-01
-9.981900e-01 -2.178636e-02 -5.605356e-02 -3.395043e-05 2.264254e-02 -9.996358e-01 -1.468468e-02 -3.519716e-03 -5.571321e-02 -1.592730e-02 9.983198e-01 3.973183e-01
-9.978636e-01 -2.178636e-02 -6.159256e-02 -1.291984e-02 2.272369e-02 -9.996358e-01 -1.455879e-02 -3.249679e-03 -6.125295e-02 -1.592729e-02 9.979951e-01 3.979963e-01
-9.944999e-01 -5.334693e-02 -9.013358e-02 -5.156025e-02 5.442611e-02 -9.984721e-01 -9.556293e-03 1.775664e-02 -8.948606e-02 -1.440935e-02 9.958839e-01 4.675488e-01
-9.934997e-01 -5.334693e-02 -1.005614e-01 -4.847466e-02 5.452337e-02 -9.984721e-01 -8.984812e-03 1.678876e-02 -9.992841e-02 -1.440935e-02 9.948903e-01 5.231930e-01
-9.905606e-01 -5.334693e-02 -1.262692e-01 -5.794678e-02 5.473786e-02 -9.984721e-01 -7.569095e-03 1.694677e-02 -1.256725e-01 -1.440935e-02 9.919671e-01 5.473116e-01
-9.887150e-01 -5.334693e-02 -1.399888e-01 -5.900287e-02 5.483752e-02 -9.984721e-01 -6.809559e-03 1.656777e-02 -1.394116e-01 -1.440935e-02 9.901296e-01 5.774840e-01
-9.951224e-01 -3.317969e-02 -9.289958e-02 -4.464850e-02 3.439542e-02 -9.993420e-01 -1.151568e-02 -8.025718e-03 -9.245637e-02 -1.465483e-02 9.956089e-01 5.979533e-01
-9.953630e-01 -3.317969e-02 -9.028604e-02 -4.617376e-02 3.436506e-02 -9.993420e-01 -1.160596e-02 -7.597264e-03 -8.984154e-02 -1.465483e-02 9.958482e-01 5.721895e-01
-9.957455e-01 -3.317969e-02 -8.596514e-02 -4.590810e-02 3.431437e-02 -9.993420e-01 -1.175500e-02 -7.311577e-03 -8.551854e-02 -1.465483e-02 9.962288e-01 5.521064e-01
-9.957528e-01 -3.317969e-02 -8.588207e-02 -3.924096e-02 3.431338e-02 -9.993420e-01 -1.175786e-02 -7.269622e-03 -8.543544e-02 -1.465483e-02 9.962360e-01 5.341505e-01
-9.974240e-01 -3.272518e-02 -6.383105e-02 -4.406621e-02 3.361581e-02 -9.993512e-01 -1.292900e-02 -9.639341e-03 -6.336653e-02 -1.504142e-02 9.978771e-01 5.174581e-01
-9.982643e-01 -3.272518e-02 -4.896490e-02 -4.790974e-02 3.341947e-02 -9.993512e-01 -1.342835e-02 -9.256464e-03 -4.849368e-02 -1.504142e-02 9.987102e-01 5.003820e-01
-9.987181e-01 -3.272518e-02 -3.861690e-02 -4.266280e-02 3.327851e-02 -9.993512e-01 -1.377397e-02 -9.190823e-03 -3.814109e-02 -1.504142e-02 9.991592e-01 4.846051e-01
-9.989614e-01 -3.272517e-02 -3.170415e-02 -4.516065e-02 3.318239e-02 -9.993512e-01 -1.400395e-02 -9.063758e-03 -3.122530e-02 -1.504142e-02 9.993992e-01 4.815975e-01
-9.977041e-01 -2.460457e-02 -6.309623e-02 -5.291811e-02 2.585419e-02 -9.994839e-01 -1.906546e-02 -2.639091e-02 -6.259456e-02 -2.065299e-02 9.978254e-01 4.786456e-01
-9.979231e-01 -2.460457e-02 -5.953335e-02 -4.771786e-02 2.578594e-02 -9.994839e-01 -1.915766e-02 -2.632337e-02 -5.903126e-02 -2.065299e-02 9.980425e-01 4.691820e-01
-9.981036e-01 -2.460457e-02 -5.642512e-02 -4.967549e-02 2.572615e-02 -9.994839e-01 -1.923787e-02 -2.509596e-02 -5.592266e-02 -2.065299e-02 9.982215e-01 4.121149e-01
-9.982970e-01 -2.460457e-02 -5.289260e-02 -4.915300e-02 2.565791e-02 -9.994839e-01 -1.932879e-02 -2.456554e-02 -5.238973e-02 -2.065299e-02 9.984131e-01 3.858230e-01
-9.977950e-01 -2.637295e-02 -6.090591e-02 -4.969607e-02 2.729153e-02 -9.995252e-01 -1.429944e-02 -2.761931e-02 -6.049988e-02 -1.593012e-02 9.980411e-01 3.613856e-01
-9.987013e-01 -2.637295e-02 -4.359163e-02 -4.901602e-02 2.703942e-02 -9.995252e-01 -1.477061e-02 -2.753654e-02 -4.318138e-02 -1.593012e-02 9.989402e-01 3.550662e-01
-9.988766e-01 -2.637295e-02 -3.936975e-02 -4.483160e-02 2.697674e-02 -9.995252e-01 -1.488477e-02 -2.751208e-02 -3.895850e-02 -1.593012e-02 9.991139e-01 3.466041e-01
-9.989387e-01 -2.637295e-02 -3.775996e-02 -4.708525e-02 2.695272e-02 -9.995252e-01 -1.492823e-02 -2.727122e-02 -3.734833e-02 -1.593012e-02 9.991754e-01 3.352222e-01
-9.986941e-01 -3.095918e-02 -4.064061e-02 -4.630189e-02 3.161348e-02 -9.993791e-01 -1.555682e-02 -2.085867e-02 -4.013376e-02 -1.682130e-02 9.990528e-01 3.253707e-01
-9.986264e-01 -3.095918e-02 -4.227307e-02 -4.793760e-02 3.163887e-02 -9.993791e-01 -1.550513e-02 -2.060042e-02 -4.176679e-02 -1.682130e-02 9.989858e-01 3.130380e-01
-9.984905e-01 -3.095919e-02 -4.536991e-02 -5.472422e-02 3.168681e-02 -9.993791e-01 -1.540693e-02 -2.022764e-02 -4.486476e-02 -1.682130e-02 9.988515e-01 3.033814e-01
-9.982262e-01 -3.095919e-02 -5.085310e-02 -5.082238e-02 3.177094e-02 -9.993791e-01 -1.523267e-02 -2.042108e-02 -5.034993e-02 -1.682130e-02 9.985900e-01 3.076928e-01
-9.984272e-01 -3.232800e-02 -4.580598e-02 -4.801160e-02 3.322534e-02 -9.992679e-01 -1.896572e-02 -1.605777e-02 -4.515933e-02 -2.045781e-02 9.987704e-01 3.121132e-01
-9.982029e-01 -3.232801e-02 -5.045683e-02 -3.879547e-02 3.331334e-02 -9.992679e-01 -1.881072e-02 -1.556486e-02 -4.981177e-02 -2.045780e-02 9.985491e-01 2.734733e-01
-9.988173e-01 -3.232800e-02 -3.631557e-02 -4.110198e-02 3.304360e-02 -9.992679e-01 -1.928061e-02 -1.602219e-02 -3.566568e-02 -2.045780e-02 9.991543e-01 2.994564e-01
-9.986374e-01 -3.232800e-02 -4.096831e-02 -4.817912e-02 3.313307e-02 -9.992679e-01 -1.912646e-02 -1.586201e-02 -4.032000e-02 -2.045780e-02 9.989774e-01 3.028158e-01
-9.985000e-01 -3.959822e-02 -3.780992e-02 -5.857615e-02 4.038088e-02 -9.989809e-01 -2.016523e-02 -1.547135e-02 -3.697288e-02 -2.166178e-02 9.990814e-01 3.112125e-01
-9.979380e-01 -3.959823e-02 -5.051325e-02 -6.238209e-02 4.063423e-02 -9.989809e-01 -1.964973e-02 -1.513210e-02 -4.968367e-02 -2.166178e-02 9.985301e-01 3.025244e-01
-9.974437e-01 -3.959823e-02 -5.948275e-02 -5.804328e-02 4.080924e-02 -9.989809e-01 -1.928363e-02 -1.513389e-02 -5.865853e-02 -2.166178e-02 9.980430e-01 2.946756e-01
-9.974232e-01 -3.959823e-02 -5.982463e-02 -5.931216e-02 4.081584e-02 -9.989809e-01 -1.926964e-02 -1.486850e-02 -5.900062e-02 -2.166178e-02 9.980229e-01 2.847561e-01
-9.986284e-01 -4.425399e-02 -2.798311e-02 -5.396469e-02 4.462638e-02 -9.989214e-01 -1.282590e-02 -6.935432e-03 -2.738534e-02 -1.405710e-02 9.995261e-01 2.756954e-01
-9.986407e-01 -4.425400e-02 -2.753942e-02 -4.716951e-02 4.462068e-02 -9.989214e-01 -1.284573e-02 -7.094499e-03 -2.694124e-02 -1.405710e-02 9.995382e-01 2.656066e-01
-9.985635e-01 -4.425400e-02 -3.021184e-02 -3.511069e-02 4.465490e-02 -9.989214e-01 -1.272627e-02 -7.511911e-03 -2.961606e-02 -1.405710e-02 9.994625e-01 2.573056e-01
-9.981044e-01 -4.425400e-02 -4.276833e-02 -3.027842e-02 4.481143e-02 -9.989214e-01 -1.216364e-02 -7.389233e-03 -4.218391e-02 -1.405710e-02 9.990110e-01 2.333750e-01
-9.983576e-01 -5.373791e-02 -1.985941e-02 -4.452214e-02 5.381885e-02 -9.985443e-01 -3.563725e-03 -1.811951e-02 -1.963899e-02 -4.626683e-03 9.997964e-01 2.185019e-01
-9.981983e-01 -5.373791e-02 -2.669168e-02 -4.318850e-02 5.384199e-02 -9.985443e-01 -3.195306e-03 -1.811739e-02 -2.648112e-02 -4.626682e-03 9.996387e-01 2.025551e-01
-9.982082e-01 -5.373790e-02 -2.632060e-02 -4.074650e-02 5.384079e-02 -9.985443e-01 -3.215323e-03 -1.828862e-02 -2.610949e-02 -4.626684e-03 9.996485e-01 2.111471e-01
-9.981934e-01 -5.373790e-02 -2.687548e-02 -4.215790e-02 5.384256e-02 -9.985443e-01 -3.185392e-03 -1.820001e-02 -2.666518e-02 -4.626682e-03 9.996337e-01 2.084150e-01
-9.985756e-01 -5.198590e-02 -1.200508e-02 -4.870516e-02 5.206575e-02 -9.986229e-01 -6.437410e-03 -3.772823e-02 -1.165390e-02 -7.053294e-03 9.999072e-01 2.057664e-01
-9.985643e-01 -5.198590e-02 -1.291790e-02 -4.931049e-02 5.207161e-02 -9.986229e-01 -6.389813e-03 -3.768106e-02 -1.256793e-02 -7.053295e-03 9.998961e-01 2.035492e-01
-9.983653e-01 -5.198590e-02 -2.375126e-02 -5.250944e-02 5.213788e-02 -9.986229e-01 -5.824475e-03 -3.745773e-02 -2.341576e-02 -7.053294e-03 9.997010e-01 1.955071e-01
-9.981442e-01 -5.198590e-02 -3.171254e-02 -5.270814e-02 5.218267e-02 -9.986229e-01 -5.408487e-03 -3.739980e-02 -3.138770e-02 -7.053295e-03 9.994825e-01 1.887701e-01
-9.982909e-01 -5.577758e-02 -1.744188e-02 -5.090390e-02 5.601440e-02 -9.983401e-01 -1.339693e-02 -1.811331e-02 -1.666568e-02 -1.435103e-02 9.997581e-01 1.823588e-01
-9.982212e-01 -5.577758e-02 -2.105670e-02 -5.836638e-02 5.606254e-02 -9.983401e-01 -1.319401e-02 -1.770366e-02 -2.028582e-02 -1.435103e-02 9.996912e-01 1.828653e-01
-9.984096e-01 -5.577758e-02 -8.197899e-03 -5.712103e-02 5.588795e-02 -9.983401e-01 -1.391500e-02 -1.719811e-02 -7.408148e-03 -1.435103e-02 9.998696e-01 1.428564e-01
-9.984413e-01 -5.577759e-02 -1.949788e-03 -6.685440e-02 5.579979e-02 -9.983401e-01 -1.426446e-02 -1.658920e-02 -1.150914e-03 -1.435103e-02 9.998963e-01 1.383272e-01
-9.986828e-01 -4.727874e-02 -1.993389e-02 -6.420466e-02 4.755319e-02 -9.987771e-01 -1.352629e-02 -2.214672e-02 -1.927001e-02 -1.445639e-02 9.997098e-01 1.610809e-01
-9.983156e-01 -4.727874e-02 -3.362719e-02 -6.055099e-02 4.773420e-02 -9.987771e-01 -1.287291e-02 -2.239970e-02 -3.297745e-02 -1.445639e-02 9.993516e-01 1.666096e-01
-9.980536e-01 -4.727873e-02 -4.066481e-02 -5.819708e-02 4.782377e-02 -9.987771e-01 -1.253605e-02 -2.216453e-02 -4.002239e-02 -1.445639e-02 9.990942e-01 1.426642e-01
-9.979528e-01 -4.727873e-02 -4.306933e-02 -5.722336e-02 4.785383e-02 -9.987771e-01 -1.242079e-02 -2.216325e-02 -4.242941e-02 -1.445639e-02 9.989948e-01 1.393906e-01
-9.989911e-01 -4.475977e-02 -3.641742e-03 -4.695969e-02 4.481125e-02 -9.988743e-01 -1.555736e-02 -2.556234e-02 -2.941299e-03 -1.570486e-02 9.998724e-01 1.326809e-01
-9.989772e-01 -4.475977e-02 -6.405290e-03 -3.917272e-02 4.485412e-02 -9.988743e-01 -1.543334e-02 -2.580383e-02 -5.707288e-03 -1.570486e-02 9.998603e-01 1.258469e-01
-9.987705e-01 -4.475977e-02 -2.130836e-02 -2.785065e-02 4.507938e-02 -9.988743e-01 -1.476244e-02 -2.650839e-02 -2.062362e-02 -1.570486e-02 9.996640e-01 1.383908e-01
-9.982843e-01 -4.475977e-02 -3.774789e-02 -1.436187e-02 4.531629e-02 -9.988743e-01 -1.401831e-02 -2.723348e-02 -3.707794e-02 -1.570485e-02 9.991890e-01 1.460648e-01
-9.978746e-01 -5.659960e-02 3.229199e-02 -2.751997e-02 5.627559e-02 -9.983562e-01 -1.085659e-02 -3.603507e-02 3.285339e-02 -9.016261e-03 9.994195e-01 1.458404e-01
-9.979611e-01 -5.659959e-02 2.949793e-02 -2.636447e-02 5.630576e-02 -9.983562e-01 -1.069898e-02 -3.598665e-02 3.005500e-02 -9.016261e-03 9.995076e-01 1.332252e-01
-9.979222e-01 -5.659959e-02 3.078561e-02 -2.185206e-02 5.629191e-02 -9.983562e-01 -1.077162e-02 -3.627279e-02 3.134468e-02 -9.016260e-03 9.994680e-01 1.365816e-01
-9.975438e-01 -5.659959e-02 4.126675e-02 -3.119736e-02 5.617565e-02 -9.983562e-01 -1.136235e-02 -3.572311e-02 4.184202e-02 -9.016260e-03 9.990835e-01 1.343818e-01
-9.965916e-01 -6.241883e-02 5.393600e-02 -4.328454e-02 6.146524e-02 -9.979252e-01 -1.916316e-02 -2.264153e-02 5.502024e-02 -1.578265e-02 9.983605e-01 1.321440e-01
-9.957789e-01 -6.241883e-02 6.729279e-02 -3.553034e-02 6.120279e-02 -9.979252e-01 -1.998552e-02 -2.318005e-02 6.840064e-02 -1.578265e-02 9.975331e-01 1.355272e-01
-9.951516e-01 -6.241883e-02 7.600789e-02 -3.627791e-02 6.102547e-02 -9.979252e-01 -2.052056e-02 -2.298992e-02 7.713107e-02 -1.578265e-02 9.968960e-01 1.264618e-01
-9.945452e-01 -6.241883e-02 8.356908e-02 -3.631402e-02 6.086775e-02 -9.979252e-01 -2.098378e-02 -2.284125e-02 8.470546e-02 -1.578265e-02 9.962810e-01 1.172042e-01
-9.965472e-01 -6.110858e-02 5.620907e-02 -4.031336e-02 6.001191e-02 -9.979768e-01 -2.099738e-02 -3.423354e-02 5.737846e-02 -1.755166e-02 9.981982e-01 1.024094e-01
-9.962566e-01 -6.110858e-02 6.114406e-02 -3.745969e-02 5.990718e-02 -9.979768e-01 -2.129434e-02 -3.410351e-02 6.232162e-02 -1.755166e-02 9.979018e-01 8.508070e-02
-9.958932e-01 -6.110857e-02 6.680229e-02 -3.650327e-02 5.978525e-02 -9.979768e-01 -2.163430e-02 -3.392655e-02 6.798918e-02 -1.755166e-02 9.975317e-01 7.168873e-02
-9.948336e-01 -6.110858e-02 8.106711e-02 -4.104462e-02 5.946908e-02 -9.979768e-01 -2.248883e-02 -3.371443e-02 8.227734e-02 -1.755166e-02 9.964550e-01 7.543916e-02
-9.940674e-01 -5.110652e-02 9.601133e-02 -1.649574e-02 4.915655e-02 -9.985361e-01 -2.256798e-02 -2.709521e-02 9.702414e-02 -1.771451e-02 9.951245e-01 5.660762e-02
-9.938454e-01 -5.110652e-02 9.828284e-02 -1.223867e-02 4.910484e-02 -9.985361e-01 -2.268026e-02 -2.728106e-02 9.929807e-02 -1.771451e-02 9.949001e-01 5.480210e-02
-9.949308e-01 -5.110652e-02 8.660758e-02 5.900461e-03 4.936775e-02 -9.985361e-01 -2.210217e-02 -2.856236e-02 8.761036e-02 -1.771451e-02 9.959973e-01 7.469498e-02
-9.953951e-01 -5.110652e-02 8.109619e-02 1.404645e-02 4.948939e-02 -9.985361e-01 -2.182843e-02 -2.912143e-02 8.209305e-02 -1.771451e-02 9.964673e-01 8.270786e-02
-9.931053e-01 -6.780559e-02 9.562576e-02 -5.070277e-03 6.693425e-02 -9.976816e-01 -1.229404e-02 -3.979225e-02 9.623767e-02 -5.808636e-03 9.953415e-01 9.912769e-02
-9.939836e-01 -6.780558e-02 8.601758e-02 1.118664e-03 6.705000e-02 -9.976816e-01 -1.164619e-02 -4.025905e-02 8.660784e-02 -5.808639e-03 9.962256e-01 1.070597e-01
-9.938031e-01 -6.780559e-02 8.807943e-02 -1.224141e-03 6.702570e-02 -9.976816e-01 -1.178526e-02 -4.007673e-02 8.867434e-02 -5.808641e-03 9.960437e-01 1.030930e-01
-9.936783e-01 -6.780559e-02 8.947551e-02 -7.428443e-04 6.700908e-02 -9.976816e-01 -1.187941e-02 -4.007597e-02 9.007356e-02 -5.808638e-03 9.959182e-01 9.734399e-02
-9.913117e-01 -7.345203e-02 1.091140e-01 1.560295e-03 7.271528e-02 -9.972951e-01 -1.072120e-02 -3.875695e-02 1.096063e-01 -2.693796e-03 9.939715e-01 9.593470e-02
-9.915137e-01 -7.345202e-02 1.072637e-01 9.600603e-03 7.273516e-02 -9.972951e-01 -1.058547e-02 -3.931738e-02 1.077510e-01 -2.693800e-03 9.941742e-01 8.418283e-02
-9.914023e-01 -7.345203e-02 1.082883e-01 1.596161e-02 7.272419e-02 -9.972951e-01 -1.066063e-02 -3.971390e-02 1.087784e-01 -2.693797e-03 9.940624e-01 5.753327e-02
-9.920659e-01 -7.345201e-02 1.020295e-01 2.452794e-02 7.279000e-02 -9.972951e-01 -1.020147e-02 -4.038298e-02 1.025028e-01 -2.693801e-03 9.947291e-01 7.166129e-02
-9.911376e-01 -8.081550e-02 1.054283e-01 1.947397e-02 7.999581e-02 -9.967231e-01 -1.198748e-02 -3.533353e-02 1.060516e-01 -3.447420e-03 9.943547e-01 8.042523e-02
-9.933041e-01 -8.081549e-02 8.255749e-02 1.791804e-02 8.025083e-02 -9.967231e-01 -1.014063e-02 -3.526908e-02 8.310647e-02 -3.447419e-03 9.965347e-01 9.826633e-02
-9.943030e-01 -8.081550e-02 6.950211e-02 2.704824e-02 8.037712e-02 -9.967231e-01 -9.085564e-03 -3.609238e-02 7.000861e-02 -3.447423e-03 9.975405e-01 1.222667e-01
-9.950328e-01 -8.081550e-02 5.812541e-02 3.534142e-02 8.047578e-02 -9.967231e-01 -8.165669e-03 -3.687223e-02 5.859485e-02 -3.447420e-03 9.982759e-01 1.533278e-01
-9.936816e-01 -8.394936e-02 7.449453e-02 3.821441e-02 8.373118e-02 -9.964700e-01 -6.052598e-03 -3.669519e-02 7.473966e-02 2.231593e-04 9.972031e-01 1.906670e-01
-9.947773e-01 -8.394937e-02 5.805700e-02 4.421091e-02 8.381981e-02 -9.964700e-01 -4.667545e-03 -3.719230e-02 5.824390e-02 2.231593e-04 9.983024e-01 2.267443e-01
-9.951913e-01 -8.394936e-02 5.046503e-02 4.481766e-02 8.385296e-02 -9.964700e-01 -4.027853e-03 -3.723718e-02 5.062503e-02 2.231582e-04 9.987177e-01 2.545807e-01
-9.952506e-01 -8.394936e-02 4.928238e-02 4.986721e-02 8.385770e-02 -9.964700e-01 -3.928205e-03 -3.766274e-02 4.943818e-02 2.231582e-04 9.987772e-01 2.538794e-01
-9.944472e-01 -9.211758e-02 5.088503e-02 4.195121e-02 9.172224e-02 -9.957339e-01 -1.005568e-02 -4.093220e-02 5.159425e-02 -5.332557e-03 9.986539e-01 2.524620e-01
-9.945153e-01 -9.211759e-02 4.953581e-02 4.517830e-02 9.173580e-02 -9.957339e-01 -9.931237e-03 -4.127959e-02 5.023932e-02 -5.332559e-03 9.987230e-01 2.615830e-01
-9.948171e-01 -9.211758e-02 4.305054e-02 4.219155e-02 9.179859e-02 -9.957339e-01 -9.332906e-03 -4.109220e-02 4.372660e-02 -5.332556e-03 9.990294e-01 2.781866e-01
-9.951637e-01 -9.211759e-02 3.411262e-02 4.672219e-02 9.187873e-02 -9.957339e-01 -8.507930e-03 -4.158347e-02 3.475082e-02 -5.332558e-03 9.993818e-01 2.916558e-01
-9.953279e-01 -8.739363e-02 4.104659e-02 4.642586e-02 8.711760e-02 -9.961621e-01 -8.469339e-03 -4.968518e-02 4.162922e-02 -4.853889e-03 9.991213e-01 3.077385e-01
-9.955356e-01 -8.739362e-02 3.565392e-02 5.019637e-02 8.716220e-02 -9.961621e-01 -7.997267e-03 -5.001698e-02 3.621599e-02 -4.853890e-03 9.993322e-01 3.079456e-01
-9.957039e-01 -8.739362e-02 3.059434e-02 5.781200e-02 8.720171e-02 -9.961621e-01 -7.554218e-03 -5.051119e-02 3.113711e-02 -4.853886e-03 9.995033e-01 2.722526e-01
-9.958687e-01 -8.739364e-02 2.465745e-02 6.374839e-02 8.724522e-02 -9.961621e-01 -7.034194e-03 -5.085867e-02 2.517756e-02 -4.853888e-03 9.996712e-01 2.366817e-01
-9.957843e-01 -9.081721e-02 1.287696e-02 5.944766e-02 9.074645e-02 -9.958561e-01 -5.977657e-03 -4.227602e-02 1.336648e-02 -4.783918e-03 9.998993e-01 1.969834e-01
-9.958591e-01 -9.081720e-02 -4.119250e-03 6.186178e-02 9.083524e-02 -9.958561e-01 -4.428085e-03 -4.222813e-02 -3.700034e-03 -4.783921e-03 9.999818e-01 1.411843e-01
-9.958160e-01 -9.081721e-02 -1.013659e-02 6.574956e-02 9.086035e-02 -9.958561e-01 -3.879137e-03 -4.233157e-02 -9.742289e-03 -4.783921e-03 9.999411e-01 8.891245e-02
-9.958434e-01 -9.081721e-02 -6.949823e-03 6.891660e-02 9.084746e-02 -9.958561e-01 -4.169881e-03 -4.253009e-02 -6.542326e-03 -4.783922e-03 9.999672e-01 7.011341e-02
-9.946790e-01 -8.860686e-02 5.255929e-02 7.597239e-02 8.880686e-02 -9.960478e-01 1.477454e-03 -4.665422e-02 5.222065e-02 6.137217e-03 9.986168e-01 6.040702e-02
-9.946048e-01 -8.860685e-02 5.394464e-02 7.423361e-02 8.880883e-02 -9.960478e-01 1.353763e-03 -4.669277e-02 5.361149e-02 6.137219e-03 9.985431e-01 2.904801e-02
-9.944882e-01 -8.860684e-02 5.605417e-02 6.983699e-02 8.881149e-02 -9.960478e-01 1.165383e-03 -4.647099e-02 5.572938e-02 6.137214e-03 9.984270e-01 1.564797e-03
-9.943257e-01 -8.860686e-02 5.886687e-02 7.441425e-02 8.881445e-02 -9.960478e-01 9.141751e-04 -4.701742e-02 5.855321e-02 6.137216e-03 9.982654e-01 -2.103413e-02
-9.951376e-01 -9.268451e-02 3.332843e-02 7.358965e-02 9.267488e-02 -9.956948e-01 -1.837038e-03 -4.283820e-02 3.335521e-02 1.260603e-03 9.994428e-01 -4.194723e-02
-9.953442e-01 -9.268452e-02 2.645107e-02 7.643093e-02 9.268536e-02 -9.956948e-01 -1.196593e-03 -4.313233e-02 2.644809e-02 1.260605e-03 9.996494e-01 -6.536549e-02
-9.955888e-01 -9.268451e-02 1.457972e-02 8.279948e-02 9.269304e-02 -9.956948e-01 -9.123981e-05 -4.372911e-02 1.452541e-02 1.260602e-03 9.998937e-01 -6.849397e-02
-9.956057e-01 -9.268452e-02 -1.337678e-02 7.951097e-02 9.265907e-02 -9.956948e-01 2.511118e-03 -4.346090e-02 -1.355193e-02 1.260603e-03 9.999074e-01 -9.843297e-02
-9.946936e-01 -9.902985e-02 2.789139e-02 9.566578e-02 9.897842e-02 -9.950843e-01 -3.221687e-03 -3.469700e-02 2.807333e-02 -4.439452e-04 9.996058e-01 -1.337444e-01
-9.949779e-01 -9.902985e-02 1.456600e-02 1.046377e-01 9.901270e-02 -9.950843e-01 -1.895685e-03 -3.557790e-02 1.468213e-02 -4.439456e-04 9.998921e-01 -1.605865e-01
-9.950750e-01 -9.902985e-02 4.346444e-03 1.223105e-01 9.902694e-02 -9.950843e-01 -8.786842e-04 -3.732527e-02 4.412094e-03 -4.439417e-04 9.999902e-01 -1.861614e-01
-9.950815e-01 -9.902985e-02 -2.434004e-03 1.254706e-01 9.903063e-02 -9.950843e-01 -2.039075e-04 -3.763235e-02 -2.401846e-03 -4.439454e-04 9.999970e-01 -2.027582e-01
-9.930878e-01 -1.089827e-01 4.358448e-02 1.148300e-01 1.087747e-01 -9.940409e-01 -7.120978e-03 -4.757585e-02 4.410082e-02 -2.330865e-03 9.990244e-01 -2.360762e-01
-9.934152e-01 -1.089826e-01 3.534129e-02 1.191417e-01 1.088301e-01 -9.940409e-01 -6.218005e-03 -4.800875e-02 3.580834e-02 -2.330866e-03 9.993560e-01 -2.530549e-01
-9.935172e-01 -1.089826e-01 3.234916e-02 1.280309e-01 1.088483e-01 -9.940409e-01 -5.890202e-03 -4.891314e-02 3.279832e-02 -2.330865e-03 9.994593e-01 -2.829901e-01
-9.938744e-01 -1.089827e-01 1.834289e-02 1.399727e-01 1.089205e-01 -9.940409e-01 -4.355464e-03 -5.016719e-02 1.870825e-02 -2.330868e-03 9.998223e-01 -3.065295e-01
-9.903123e-01 -1.253850e-01 5.966644e-02 1.278126e-01 1.248117e-01 -9.920919e-01 -1.325560e-02 -4.511229e-02 6.085664e-02 -5.680113e-03 9.981304e-01 -3.493666e-01
-9.900104e-01 -1.253850e-01 6.448381e-02 1.339074e-01 1.247457e-01 -9.920919e-01 -1.386267e-02 -4.553433e-02 6.571203e-02 -5.680108e-03 9.978225e-01 -4.101918e-01
-9.896690e-01 -1.253850e-01 6.952710e-02 1.362212e-01 1.246735e-01 -9.920919e-01 -1.449808e-02 -4.566692e-02 7.079512e-02 -5.680110e-03 9.974747e-01 -4.381101e-01
-9.907441e-01 -1.253850e-01 5.200866e-02 1.400415e-01 1.249104e-01 -9.920919e-01 -1.229030e-02 -4.597004e-02 5.313839e-02 -5.680112e-03 9.985710e-01 -4.694976e-01
-9.893914e-01 -1.371127e-01 4.800876e-02 1.318775e-01 1.363916e-01 -9.904914e-01 -1.800244e-02 -4.000744e-02 5.002062e-02 -1.126347e-02 9.986847e-01 -5.002670e-01
-9.898556e-01 -1.371127e-01 3.722943e-02 1.382856e-01 1.365796e-01 -9.904914e-01 -1.651579e-02 -4.058393e-02 3.913995e-02 -1.126347e-02 9.991702e-01 -5.275784e-01
-9.905167e-01 -1.371127e-01 8.771113e-03 1.444244e-01 1.369978e-01 -9.904914e-01 -1.258443e-02 -4.120605e-02 1.041320e-02 -1.126347e-02 9.998823e-01 -5.475989e-01
-9.905552e-01 -1.371127e-01 8.029975e-04 1.427601e-01 1.370946e-01 -9.904914e-01 -1.148200e-02 -4.064193e-02 2.369690e-03 -1.126347e-02 9.999338e-01 -5.769477e-01
-9.875418e-01 -1.545808e-01 2.942806e-02 1.222869e-01 1.534658e-01 -9.874613e-01 -3.699282e-02 -2.094220e-02 3.477745e-02 -3.201575e-02 9.988822e-01 -6.062469e-01
-9.879351e-01 -1.545807e-01 9.430746e-03 1.222302e-01 1.541832e-01 -9.874613e-01 -3.387856e-02 -2.054877e-02 1.454947e-02 -3.201576e-02 9.993815e-01 -6.181077e-01
-9.879625e-01 -1.545808e-01 -5.917426e-03 1.272631e-01 1.546909e-01 -9.874613e-01 -3.147931e-02 -2.108808e-02 -9.771334e-04 -3.201575e-02 9.994869e-01 -6.257738e-01
-9.878893e-01 -1.545808e-01 -1.339946e-02 1.300863e-01 1.549248e-01 -9.874613e-01 -3.030688e-02 -2.153697e-02 -8.546589e-03 -3.201574e-02 9.994509e-01 -6.255600e-01
-9.863157e-01 -1.637010e-01 -1.957808e-02 1.105244e-01 1.639060e-01 -9.864315e-01 -9.359919e-03 -4.943284e-02 -1.778021e-02 -1.244080e-02 9.997645e-01 -6.280743e-01
-9.863077e-01 -1.637010e-01 -1.998090e-02 1.162210e-01 1.639098e-01 -9.864315e-01 -9.292983e-03 -5.011274e-02 -1.818852e-02 -1.244081e-02 9.997571e-01 -6.491233e-01
-9.860373e-01 -1.637010e-01 -3.053765e-02 1.152593e-01 1.639999e-01 -9.864315e-01 -7.537879e-03 -5.015119e-02 -2.888935e-02 -1.244080e-02 9.995052e-01 -6.334191e-01
-9.859352e-01 -1.637010e-01 -3.367217e-02 1.130608e-01 1.640230e-01 -9.864315e-01 -7.016480e-03 -5.008412e-02 -3.206668e-02 -1.244081e-02 9.994083e-01 -6.098095e-01
-9.889666e-01 -1.451746e-01 -2.948328e-02 1.376764e-01 1.445316e-01 -9.892353e-01 2.289262e-02 -5.373492e-02 -3.248933e-02 1.837877e-02 9.993031e-01 -5.944256e-01
-9.889703e-01 -1.451746e-01 -2.936068e-02 1.364837e-01 1.445344e-01 -9.892353e-01 2.287471e-02 -5.330900e-02 -3.236545e-02 1.837878e-02 9.993071e-01 -5.809212e-01
-9.888744e-01 -1.451746e-01 -3.243048e-02 1.395696e-01 1.444627e-01 -9.892353e-01 2.332325e-02 -5.359362e-02 -3.546733e-02 1.837877e-02 9.992018e-01 -5.718654e-01
-9.890304e-01 -1.451746e-01 -2.726417e-02 1.496098e-01 1.445826e-01 -9.892353e-01 2.256827e-02 -5.495972e-02 -3.024702e-02 1.837878e-02 9.993735e-01 -5.660873e-01
-9.879951e-01 -1.487217e-01 -4.180367e-02 1.414041e-01 1.492301e-01 -9.887588e-01 -9.296931e-03 -5.171170e-02 -3.995109e-02 -1.542369e-02 9.990826e-01 -5.546747e-01
-9.880056e-01 -1.487217e-01 -4.155516e-02 1.336091e-01 1.492277e-01 -9.887588e-01 -9.334467e-03 -5.074837e-02 -3.969979e-02 -1.542369e-02 9.990926e-01 -5.412682e-01
-9.879795e-01 -1.487217e-01 -4.217134e-02 1.294684e-01 1.492335e-01 -9.887588e-01 -9.241387e-03 -5.033690e-02 -4.032289e-02 -1.542368e-02 9.990677e-01 -5.277188e-01
-9.879671e-01 -1.487218e-01 -4.246068e-02 1.248194e-01 1.492362e-01 -9.887588e-01 -9.197690e-03 -4.981878e-02 -4.061548e-02 -1.542369e-02 9.990558e-01 -5.161061e-01
-9.890827e-01 -1.438041e-01 -3.218313e-02 1.286990e-01 1.441836e-01 -9.895025e-01 -9.786420e-03 -4.717863e-02 -3.043796e-02 -1.431986e-02 9.994341e-01 -5.008824e-01
-9.889526e-01 -1.438041e-01 -3.596013e-02 1.244131e-01 1.442199e-01 -9.895025e-01 -9.235717e-03 -4.677786e-02 -3.425451e-02 -1.431985e-02 9.993106e-01 -4.855357e-01
-9.888103e-01 -1.438041e-01 -3.968240e-02 1.237866e-01 1.442536e-01 -9.895025e-01 -8.692794e-03 -4.692683e-02 -3.801577e-02 -1.431985e-02 9.991745e-01 -4.689500e-01
-9.888353e-01 -1.438041e-01 -3.905388e-02 1.274766e-01 1.442481e-01 -9.895025e-01 -8.784488e-03 -4.762663e-02 -3.738067e-02 -1.431986e-02 9.991985e-01 -4.576498e-01
-9.847128e-01 -1.513097e-01 -8.629035e-02 1.234364e-01 1.520541e-01 -9.883700e-01 -2.081990e-03 -2.985809e-02 -8.497178e-02 -1.517096e-02 9.962679e-01 -4.478033e-01
-9.831492e-01 -1.513097e-01 -1.025815e-01 1.214039e-01 1.520677e-01 -9.883700e-01 4.357025e-04 -2.961583e-02 -1.014544e-01 -1.517097e-02 9.947245e-01 -4.433142e-01
-9.834556e-01 -1.513097e-01 -9.960166e-02 1.132525e-01 1.520683e-01 -9.883700e-01 -2.512336e-05 -2.862902e-02 -9.843950e-02 -1.517097e-02 9.950274e-01 -4.263045e-01
-9.830746e-01 -1.513097e-01 -1.032952e-01 1.106899e-01 1.520673e-01 -9.883700e-01 5.461052e-04 -2.852596e-02 -1.021765e-01 -1.517096e-02 9.946506e-01 -4.074598e-01
-9.854057e-01 -1.484901e-01 -8.322462e-02 1.103905e-01 1.489560e-01 -9.888436e-01 6.176457e-04 -2.535053e-02 -8.238785e-02 -1.178818e-02 9.965306e-01 -3.825950e-01
-9.857118e-01 -1.484901e-01 -7.951835e-02 1.049917e-01 1.489573e-01 -9.888436e-01 5.748123e-05 -2.486638e-02 -7.863975e-02 -1.178818e-02 9.968334e-01 -3.552009e-01
-9.856035e-01 -1.484901e-01 -8.084870e-02 1.049848e-01 1.489571e-01 -9.888436e-01 2.585277e-04 -2.514892e-02 -7.998510e-02 -1.178818e-02 9.967264e-01 -3.314137e-01
-9.864073e-01 -1.484901e-01 -7.036553e-02 1.002649e-01 1.489514e-01 -9.888436e-01 -1.325138e-03 -2.473200e-02 -6.938373e-02 -1.178817e-02 9.975204e-01 -3.069324e-01
-9.863517e-01 -1.563469e-01 -5.163418e-02 9.040365e-02 1.571990e-01 -9.874833e-01 -1.285132e-02 -9.612632e-03 -4.897863e-02 -2.079277e-02 9.985834e-01 -2.844096e-01
-9.862901e-01 -1.563469e-01 -5.279760e-02 8.868936e-02 1.572140e-01 -9.874833e-01 -1.266589e-02 -9.630284e-03 -5.015647e-02 -2.079277e-02 9.985249e-01 -2.706811e-01
-9.862696e-01 -1.563469e-01 -5.317839e-02 9.044999e-02 1.572189e-01 -9.874833e-01 -1.260520e-02 -1.023280e-02 -5.054199e-02 -2.079277e-02 9.985055e-01 -2.553054e-01
-9.860225e-01 -1.563469e-01 -5.757888e-02 9.051146e-02 1.572736e-01 -9.874833e-01 -1.190352e-02 -1.028976e-02 -5.499709e-02 -2.079277e-02 9.982700e-01 -2.530624e-01
-9.865040e-01 -1.518795e-01 -6.117729e-02 8.310851e-02 1.533372e-01 -9.879744e-01 -1.985603e-02 -3.373130e-02 -5.742588e-02 -2.896880e-02 9.979294e-01 -2.391382e-01
-9.861658e-01 -1.518795e-01 -6.640466e-02 8.107702e-02 1.534403e-01 -9.879744e-01 -1.904310e-02 -3.315850e-02 -6.271385e-02 -2.896881e-02 9.976110e-01 -2.480227e-01
-9.860404e-01 -1.518795e-01 -6.824201e-02 8.289351e-02 1.534755e-01 -9.879744e-01 -1.875717e-02 -3.310946e-02 -6.457253e-02 -2.896880e-02 9.974924e-01 -2.592188e-01
-9.860535e-01 -1.518795e-01 -6.805229e-02 8.834434e-02 1.534719e-01 -9.879744e-01 -1.878671e-02 -3.382140e-02 -6.438060e-02 -2.896881e-02 9.975049e-01 -2.635161e-01
-9.850748e-01 -1.574520e-01 -6.954520e-02 8.164084e-02 1.589950e-01 -9.871295e-01 -1.720399e-02 -3.883918e-02 -6.594131e-02 -2.800455e-02 9.974305e-01 -2.792536e-01
-9.838091e-01 -1.574520e-01 -8.560745e-02 8.167607e-02 1.592545e-01 -9.871294e-01 -1.460770e-02 -3.801620e-02 -8.220563e-02 -2.800456e-02 9.962219e-01 -3.084610e-01
-9.828264e-01 -1.574520e-01 -9.623589e-02 8.616738e-02 1.594031e-01 -9.871294e-01 -1.288555e-02 -3.821966e-02 -9.296842e-02 -2.800456e-02 9.952751e-01 -3.265411e-01
-9.829867e-01 -1.574520e-01 -9.458387e-02 9.278704e-02 1.593812e-01 -9.871294e-01 -1.315345e-02 -3.857941e-02 -9.129550e-02 -2.800456e-02 9.954300e-01 -3.510783e-01
-9.856505e-01 -1.571227e-01 -6.168944e-02 7.979882e-02 1.582428e-01 -9.873055e-01 -1.368143e-02 -5.718001e-02 -5.875665e-02 -2.324702e-02 9.980016e-01 -3.706245e-01
-9.850413e-01 -1.571227e-01 -7.075384e-02 8.715658e-02 1.583619e-01 -9.873055e-01 -1.222517e-02 -5.796170e-02 -6.793480e-02 -2.324701e-02 9.974189e-01 -3.871560e-01
-9.843041e-01 -1.571227e-01 -8.036095e-02 9.605053e-02 1.584737e-01 -9.873055e-01 -1.067955e-02 -5.902911e-02 -7.766281e-02 -2.324702e-02 9.967087e-01 -4.019356e-01
-9.829457e-01 -1.571227e-01 -9.555280e-02 9.370142e-02 1.586197e-01 -9.873055e-01 -8.230828e-03 -5.813965e-02 -9.304655e-02 -2.324701e-02 9.953904e-01 -4.238340e-01
-9.848969e-01 -1.660104e-01 -4.918005e-02 8.666331e-02 1.666239e-01 -9.859828e-01 -8.621916e-03 -5.247365e-02 -4.705936e-02 -1.668627e-02 9.987527e-01 -4.471002e-01
-9.849147e-01 -1.660103e-01 -4.882321e-02 8.716024e-02 1.666208e-01 -9.859828e-01 -8.682281e-03 -5.206954e-02 -4.669750e-02 -1.668627e-02 9.987698e-01 -4.759233e-01
-9.850690e-01 -1.660103e-01 -4.560260e-02 8.414556e-02 1.665915e-01 -9.859828e-01 -9.227023e-03 -5.146419e-02 -4.343160e-02 -1.668626e-02 9.989170e-01 -4.817004e-01
-9.851854e-01 -1.660103e-01 -4.301415e-02 8.104883e-02 1.665667e-01 -9.859828e-01 -9.664714e-03 -5.083415e-02 -4.080676e-02 -1.668626e-02 9.990277e-01 -4.881197e-01
-9.846688e-01 -1.705806e-01 -3.646283e-02 7.364036e-02 1.711435e-01 -9.851617e-01 -1.289531e-02 -4.379028e-02 -3.372209e-02 -1.893799e-02 9.992518e-01 -4.947966e-01
-9.844140e-01 -1.705806e-01 -4.279328e-02 7.183774e-02 1.712229e-01 -9.851617e-01 -1.179462e-02 -4.370726e-02 -4.014637e-02 -1.893798e-02 9.990143e-01 -4.828788e-01
-9.837445e-01 -1.705806e-01 -5.611611e-02 7.540509e-02 1.713669e-01 -9.851617e-01 -9.475574e-03 -4.441008e-02 -5.366710e-02 -1.893799e-02 9.983793e-01 -4.784502e-01
-9.829804e-01 -1.705807e-01 -6.820361e-02 7.865526e-02 1.714704e-01 -9.851617e-01 -7.368498e-03 -4.507688e-02 -6.593467e-02 -1.893799e-02 9.976442e-01 -4.730379e-01
-9.833513e-01 -1.774299e-01 -3.922940e-02 7.593048e-02 1.779331e-01 -9.839948e-01 -9.702533e-03 -3.490264e-02 -3.688001e-02 -1.652120e-02 9.991831e-01 -4.862848e-01
-9.832878e-01 -1.774299e-01 -4.078931e-02 7.878511e-02 1.779482e-01 -9.839948e-01 -9.420253e-03 -3.569014e-02 -3.846504e-02 -1.652121e-02 9.991234e-01 -4.700393e-01
-9.831770e-01 -1.774299e-01 -4.337792e-02 8.178227e-02 1.779724e-01 -9.839948e-01 -8.951731e-03 -3.649349e-02 -4.109534e-02 -1.652121e-02 9.990186e-01 -4.543802e-01
-9.827791e-01 -1.774299e-01 -5.161115e-02 8.774450e-02 1.780411e-01 -9.839948e-01 -7.460788e-03 -3.757179e-02 -4.946134e-02 -1.652122e-02 9.986394e-01 -4.541888e-01
-9.831790e-01 -1.823516e-01 -1.035391e-02 7.335448e-02 1.825192e-01 -9.830263e-01 -1.860220e-02 -5.127183e-02 -6.786031e-03 -2.017908e-02 9.997734e-01 -4.469879e-01
