-1.000000e+00 0.000000e+00 0.000000e+00 0.000000e+00 0.000000e+00 -1.000000e+00 0.000000e+00 0.000000e+00 0.000000e+00 0.000000e+00 1.000000e+00 0.000000e+00
-9.999975e-01 0.000000e+00 -2.277754e-03 6.785132e-03 0.000000e+00 -1.000000e+00 0.000000e+00 0.000000e+00 -2.277754e-03 0.000000e+00 9.999975e-01 2.999889e-03
-9.999924e-01 0.000000e+00 -3.928423e-03 1.438542e-03 0.000000e+00 -1.000000e+00 0.000000e+00 0.000000e+00 -3.928423e-03 0.000000e+00 9.999924e-01 9.344318e-03
-9.999781e-01 0.000000e+00 -6.633746e-03 -3.376299e-03 0.000000e+00 -1.000000e+00 0.000000e+00 0.000000e+00 -6.633746e-03 0.000000e+00 9.999781e-01 1.575738e-02
-9.999621e-01 0.000000e+00 -8.718995e-03 -7.932588e-03 0.000000e+00 -1.000000e+00 0.000000e+00 0.000000e+00 -8.718995e-03 0.000000e+00 9.999621e-01 2.812035e-02
-9.999397e-01 0.000000e+00 -1.098906e-02 -8.746380e-03 0.000000e+00 -1.000000e+00 0.000000e+00 0.000000e+00 -1.098906e-02 0.000000e+00 9.999397e-01 3.456503e-02
-9.999279e-01 0.000000e+00 -1.202144e-02 -7.508751e-03 0.000000e+00 -1.000000e+00 0.000000e+00 0.000000e+00 -1.202144e-02 0.000000e+00 9.999279e-01 4.189110e-02
-9.999187e-01 0.000000e+00 -1.275811e-02 -5.787758e-03 0.000000e+00 -1.000000e+00 0.000000e+00 0.000000e+00 -1.275811e-02 0.000000e+00 9.999187e-01 4.901529e-02
-9.999831e-01 -3.334892e-03 -4.785384e-03 3.617807e-03 3.320904e-03 -9.999902e-01 2.927961e-03 -3.627158e-03 -4.795101e-03 2.912020e-03 9.999844e-01 5.637896e-02
-9.999945e-01 -3.334892e-03 1.715717e-04 9.222716e-03 3.335378e-03 -9.999902e-01 2.911464e-03 -3.619805e-03 1.618606e-04 2.912020e-03 9.999959e-01 6.532255e-02
-9.999921e-01 -3.334892e-03 2.195228e-03 6.751660e-03 3.341263e-03 -9.999902e-01 2.904708e-03 -3.596450e-03 2.185520e-03 2.912020e-03 9.999935e-01 7.051277e-02
-9.999983e-01 -1.456577e-03 -1.179042e-03 -2.993538e-03 1.453729e-03 -9.999960e-01 2.412143e-03 -2.275442e-03 -1.182551e-03 2.410425e-03 9.999965e-01 7.568102e-02
-9.999986e-01 -1.456577e-03 8.984777e-04 -4.825771e-03 1.458738e-03 -9.999960e-01 2.409118e-03 -2.261450e-03 8.949649e-04 2.410425e-03 9.999968e-01 8.037878e-02
-9.999976e-01 -1.456577e-03 1.676735e-03 -3.187650e-03 1.460612e-03 -9.999960e-01 2.407982e-03 -2.305601e-03 1.673221e-03 2.410425e-03 9.999958e-01 6.305203e-02
-9.999956e-01 -1.456577e-03 2.604225e-03 -2.023153e-03 1.462845e-03 -9.999960e-01 2.406626e-03 -2.347150e-03 2.600709e-03 2.410425e-03 9.999938e-01 4.651840e-02
-9.999919e-01 -2.937576e-03 -2.779685e-03 6.543803e-04 2.928697e-03 -9.999906e-01 3.193068e-03 -3.324415e-03 -2.789038e-03 3.184901e-03 9.999912e-01 2.945342e-02
-9.999890e-01 -2.937576e-03 -3.688175e-03 -8.016541e-04 2.925795e-03 -9.999906e-01 3.195727e-03 -3.381056e-03 -3.697528e-03 3.184901e-03 9.999882e-01 1.032668e-02
-9.999853e-01 -2.937576e-03 -4.585916e-03 -2.513847e-03 2.922924e-03 -9.999906e-01 3.198353e-03 -3.434363e-03 -4.595269e-03 3.184901e-03 9.999845e-01 -7.990028e-03
-9.999859e-01 -2.937577e-03 -4.457892e-03 -1.264036e-02 2.923334e-03 -9.999906e-01 3.197978e-03 -3.452637e-03 -4.467245e-03 3.184901e-03 9.999850e-01 -2.306775e-02
-9.999997e-01 2.345817e-05 -8.956008e-04 -2.140150e-03 -2.640009e-05 -9.999946e-01 3.284996e-03 -4.257979e-03 -8.955188e-04 3.285019e-03 9.999943e-01 -3.362311e-02
-1.000000e+00 2.345817e-05 2.778948e-04 -2.384186e-05 -2.254515e-05 -9.999946e-01 3.285025e-03 -4.242537e-03 2.779705e-04 3.285018e-03 9.999946e-01 -2.893754e-02
-9.999990e-01 2.345816e-05 1.504846e-03 1.680288e-03 -1.851456e-05 -9.999946e-01 3.285050e-03 -4.227017e-03 1.504915e-03 3.285018e-03 9.999936e-01 -2.422531e-02
-9.999997e-01 2.345817e-05 9.105589e-04 -2.939032e-03 -2.046682e-05 -9.999946e-01 3.285038e-03 -4.198971e-03 9.106311e-04 3.285018e-03 9.999943e-01 -1.565483e-02
-9.999991e-01 -6.092628e-05 -1.414052e-03 6.197565e-04 5.609685e-05 -9.999942e-01 3.415096e-03 -5.056906e-03 -1.414251e-03 3.415014e-03 9.999933e-01 -8.941821e-03
-1.000000e+00 -6.092628e-05 -2.048803e-04 5.207833e-03 6.022624e-05 -9.999942e-01 3.415026e-03 -5.037766e-03 -2.050872e-04 3.415014e-03 9.999942e-01 -3.255585e-03
-9.999999e-01 -6.092628e-05 6.105299e-04 5.914915e-03 6.301087e-05 -9.999942e-01 3.414976e-03 -4.998304e-03 6.103183e-04 3.415014e-03 9.999940e-01 8.312378e-03
-9.999999e-01 -6.092628e-05 5.868636e-04 8.634899e-03 6.293006e-05 -9.999942e-01 3.414977e-03 -4.940011e-03 5.866520e-04 3.415014e-03 9.999941e-01 2.543066e-02
-9.999886e-01 -2.198421e-03 -4.261198e-03 2.829968e-04 2.186300e-03 -9.999936e-01 2.846822e-03 -3.500994e-03 -4.267429e-03 2.837474e-03 9.999869e-01 4.211477e-02
-9.999858e-01 -2.198421e-03 -4.884368e-03 -9.873789e-04 2.184526e-03 -9.999936e-01 2.848184e-03 -3.468512e-03 -4.890597e-03 2.837473e-03 9.999841e-01 5.257787e-02
-9.999765e-01 -2.198421e-03 -6.511052e-03 -9.647259e-04 2.179890e-03 -9.999936e-01 2.851734e-03 -3.462344e-03 -6.517279e-03 2.837474e-03 9.999748e-01 5.476918e-02
-9.999630e-01 -2.198421e-03 -8.324901e-03 -1.352751e-04 2.174714e-03 -9.999936e-01 2.855683e-03 -3.458013e-03 -8.331125e-03 2.837473e-03 9.999614e-01 5.693839e-02
-9.999744e-01 -7.109441e-03 -9.737590e-04 4.824176e-03 7.107655e-03 -9.999731e-01 1.825416e-03 -6.699333e-04 -9.867104e-04 1.818448e-03 9.999980e-01 5.234755e-02
-9.999721e-01 -7.109441e-03 2.309758e-03 5.277397e-03 7.113610e-03 -9.999731e-01 1.802068e-03 -6.798672e-04 2.296884e-03 1.818448e-03 9.999958e-01 4.865681e-02
-9.999660e-01 -7.109441e-03 4.219237e-03 6.245722e-03 7.117039e-03 -9.999731e-01 1.788481e-03 -6.856756e-04 4.206408e-03 1.818448e-03 9.999896e-01 4.924851e-02
-9.999575e-01 -7.109442e-03 5.886397e-03 -6.747125e-04 7.120011e-03 -9.999731e-01 1.776613e-03 -6.341625e-04 5.873607e-03 1.818448e-03 9.999812e-01 5.051953e-02
-9.999809e-01 -5.780659e-03 -2.240480e-03 2.249446e-03 5.775092e-03 -9.999803e-01 2.482706e-03 9.566023e-05 -2.254787e-03 2.469720e-03 9.999945e-01 5.635203e-02
-9.999821e-01 -5.780658e-03 -1.642090e-03 3.527481e-03 5.776577e-03 -9.999803e-01 2.479250e-03 8.088657e-05 -1.656388e-03 2.469720e-03 9.999956e-01 5.336162e-02
-9.999828e-01 -5.780659e-03 1.107753e-03 1.020157e-03 5.783373e-03 -9.999803e-01 2.463356e-03 1.144343e-04 1.093492e-03 2.469720e-03 9.999964e-01 6.107631e-02
-9.999787e-01 -5.780658e-03 -3.058140e-03 -3.042750e-03 5.773060e-03 -9.999803e-01 2.487428e-03 1.444830e-04 -3.072458e-03 2.469720e-03 9.999923e-01 6.373321e-02
-9.999694e-01 -1.924584e-03 -7.591776e-03 -5.470067e-04 1.903570e-03 -9.999943e-01 2.774268e-03 -5.229091e-04 -7.597072e-03 2.759731e-03 9.999674e-01 5.954184e-02
-9.999436e-01 -1.924584e-03 -1.046004e-02 -2.765097e-04 1.895604e-03 -9.999943e-01 2.779716e-03 -5.297455e-04 -1.046533e-02 2.759731e-03 9.999415e-01 5.725329e-02
-9.999253e-01 -1.924584e-03 -1.207775e-02 -4.626180e-03 1.891105e-03 -9.999943e-01 2.782780e-03 -5.262818e-04 -1.208303e-02 2.759731e-03 9.999233e-01 5.547502e-02
-9.999028e-01 -1.924584e-03 -1.381932e-02 -4.479974e-03 1.886255e-03 -9.999943e-01 2.786069e-03 -5.181282e-04 -1.382461e-02 2.759731e-03 9.999007e-01 5.853141e-02
-9.999699e-01 -5.858912e-03 -5.102490e-03 1.844744e-03 5.849419e-03 -9.999812e-01 1.873134e-03 2.677264e-03 -5.113368e-03 1.843231e-03 9.999853e-01 6.074146e-02
-9.999589e-01 -5.858911e-03 -6.939379e-03 2.196027e-03 5.845968e-03 -9.999812e-01 1.883876e-03 2.680843e-03 -6.950285e-03 1.843231e-03 9.999743e-01 6.379973e-02
-9.999569e-01 -5.858911e-03 -7.213014e-03 1.403758e-03 5.845452e-03 -9.999812e-01 1.885476e-03 2.696717e-03 -7.223924e-03 1.843231e-03 9.999723e-01 6.989349e-02
-9.999723e-01 -5.858912e-03 -4.617265e-03 2.707079e-03 5.850328e-03 -9.999812e-01 1.870295e-03 2.713707e-03 -4.628136e-03 1.843231e-03 9.999877e-01 8.325325e-02
-9.999508e-01 -9.883989e-03 -9.826813e-04 4.260810e-03 9.881326e-03 -9.999476e-01 2.677642e-03 -3.304173e-03 -1.009095e-03 2.667800e-03 9.999960e-01 9.643174e-02
-9.999496e-01 -9.883989e-03 1.842694e-03 5.195453e-03 9.888853e-03 -9.999476e-01 2.649712e-03 -3.280033e-03 1.816407e-03 2.667800e-03 9.999949e-01 1.089425e-01
-9.999403e-01 -9.883989e-03 4.677737e-03 5.650995e-03 9.896325e-03 -9.999476e-01 2.621664e-03 -3.250744e-03 4.651580e-03 2.667800e-03 9.999858e-01 1.216085e-01
-9.999294e-01 -9.883990e-03 6.621491e-03 6.019888e-03 9.901403e-03 -9.999476e-01 2.602422e-03 -3.225878e-03 6.595422e-03 2.667800e-03 9.999748e-01 1.322955e-01
-9.999909e-01 3.329142e-03 -2.689158e-03 -3.255038e-04 -3.334582e-03 -9.999924e-01 2.021149e-03 8.101685e-04 -2.682409e-03 2.030098e-03 9.999945e-01 1.449564e-01
-9.999776e-01 3.329142e-03 5.817761e-03 4.628459e-03 -3.317268e-03 -9.999924e-01 2.049443e-03 8.578521e-04 5.824540e-03 2.030098e-03 9.999810e-01 1.603206e-01
-9.999865e-01 3.329142e-03 4.006181e-03 2.286376e-03 -3.320975e-03 -9.999924e-01 2.043430e-03 8.703397e-04 4.012953e-03 2.030098e-03 9.999900e-01 1.703126e-01
-9.999917e-01 3.329142e-03 2.394591e-03 -7.141451e-04 -3.324263e-03 -9.999924e-01 2.038075e-03 8.890946e-04 2.401358e-03 2.030098e-03 9.999952e-01 1.844714e-01
-9.999813e-01 -3.713148e-03 -4.874686e-03 3.293038e-03 3.706526e-03 -9.999922e-01 1.366607e-03 2.658844e-03 -4.879721e-03 1.348514e-03 9.999873e-01 1.971411e-01
-9.999712e-01 -3.713148e-03 -6.640070e-03 5.521643e-03 3.704108e-03 -9.999922e-01 1.373149e-03 2.667985e-03 -6.645117e-03 1.348514e-03 9.999771e-01 2.100561e-01
-9.999582e-01 -3.713148e-03 -8.368623e-03 7.308494e-03 3.701729e-03 -9.999922e-01 1.379550e-03 2.679387e-03 -8.373680e-03 1.348514e-03 9.999642e-01 2.234310e-01
-9.999319e-01 -3.713148e-03 -1.107729e-02 1.293705e-02 3.697978e-03 -9.999922e-01 1.389572e-03 2.675098e-03 -1.108236e-02 1.348514e-03 9.999378e-01 2.357487e-01
-9.999521e-01 -8.680359e-03 -4.525998e-03 6.850489e-03 8.677793e-03 -9.999622e-01 5.859575e-04 9.393918e-04 -4.530914e-03 5.466538e-04 9.999897e-01 2.470513e-01
-9.999282e-01 -8.680358e-03 -8.271912e-03 1.490478e-02 8.675536e-03 -9.999622e-01 6.184615e-04 8.730281e-04 -8.276968e-03 5.466538e-04 9.999657e-01 2.535505e-01
-9.999003e-01 -8.680358e-03 -1.114760e-02 1.614535e-02 8.673722e-03 -9.999622e-01 6.434092e-04 8.597701e-04 -1.115277e-02 5.466538e-04 9.999378e-01 2.489976e-01
-9.998643e-01 -8.680359e-03 -1.401078e-02 1.696415e-02 8.671844e-03 -9.999622e-01 6.682439e-04 8.548186e-04 -1.401605e-02 5.466539e-04 9.999017e-01 2.529417e-01
-9.999627e-01 -4.048593e-03 -7.649709e-03 7.819215e-03 4.045755e-03 -9.999917e-01 3.863630e-04 2.381415e-03 -7.651210e-03 3.553997e-04 9.999708e-01 2.618970e-01
-9.999362e-01 -4.048592e-03 -1.056110e-02 1.012684e-02 4.044613e-03 -9.999917e-01 3.981407e-04 2.375293e-03 -1.056262e-02 3.553997e-04 9.999443e-01 2.709588e-01
-9.999401e-01 -4.048592e-03 -1.017967e-02 1.881976e-02 4.044764e-03 -9.999917e-01 3.965978e-04 2.343164e-03 -1.018119e-02 3.553997e-04 9.999482e-01 2.795835e-01
-9.999369e-01 -4.048593e-03 -1.048380e-02 2.177791e-02 4.044644e-03 -9.999917e-01 3.978280e-04 2.328821e-03 -1.048533e-02 3.553997e-04 9.999450e-01 2.729245e-01
-9.999077e-01 -1.309423e-02 -3.646964e-03 1.150491e-02 1.309134e-02 -9.999140e-01 8.144541e-04 2.898172e-03 -3.657316e-03 7.666353e-04 9.999931e-01 2.668079e-01
-9.999138e-01 -1.309423e-02 -1.083532e-03 2.006342e-02 1.309338e-02 -9.999140e-01 7.808898e-04 2.782171e-03 -1.093664e-03 7.666353e-04 9.999992e-01 2.616901e-01
-9.999136e-01 -1.309423e-02 -1.180402e-03 2.249518e-02 1.309331e-02 -9.999140e-01 7.821582e-04 2.750265e-03 -1.190542e-03 7.666353e-04 9.999991e-01 2.616103e-01
-9.999135e-01 -1.309423e-02 1.304004e-03 2.833054e-02 1.309521e-02 -9.999140e-01 7.496239e-04 2.674887e-03 1.294077e-03 7.666353e-04 9.999989e-01 2.629637e-01
-9.999940e-01 -3.225554e-03 -1.319718e-03 1.950040e-03 3.223501e-03 -9.999936e-01 1.553927e-03 -1.522125e-03 -1.324722e-03 1.549664e-03 9.999980e-01 2.831849e-01
-9.999827e-01 -3.225554e-03 4.953297e-03 1.074012e-02 3.233186e-03 -9.999936e-01 1.533676e-03 -1.529142e-03 4.948318e-03 1.549664e-03 9.999867e-01 2.969528e-01
-9.999498e-01 -3.225554e-03 9.506233e-03 9.673730e-03 3.240135e-03 -9.999936e-01 1.518939e-03 -1.504002e-03 9.501273e-03 1.549664e-03 9.999538e-01 3.109561e-01
-9.998440e-01 -3.225554e-03 1.737022e-02 1.673679e-02 3.251981e-03 -9.999936e-01 1.493409e-03 -1.501664e-03 1.736529e-02 1.549664e-03 9.998481e-01 3.271663e-01
-9.998302e-01 -7.730097e-03 1.673369e-02 6.140691e-03 7.695849e-03 -9.999682e-01 -2.109993e-03 5.918196e-03 1.674947e-02 -1.980854e-03 9.998578e-01 3.362699e-01
-9.996977e-01 -7.730097e-03 2.334273e-02 1.006808e-02 7.681733e-03 -9.999682e-01 -2.160820e-03 5.878422e-03 2.335869e-02 -1.980854e-03 9.997253e-01 3.410219e-01
-9.996049e-01 -7.730097e-03 2.702674e-02 9.132558e-03 7.673718e-03 -9.999682e-01 -2.189115e-03 5.868845e-03 2.704280e-02 -1.980855e-03 9.996324e-01 3.495078e-01
-9.995878e-01 -7.730097e-03 2.765357e-02 8.024078e-03 7.672343e-03 -9.999682e-01 -2.193927e-03 5.862642e-03 2.766965e-02 -1.980855e-03 9.996153e-01 3.569646e-01
-9.997144e-01 -7.875448e-03 2.256546e-02 7.421733e-04 7.806114e-03 -9.999645e-01 -3.158982e-03 -3.240442e-03 2.258954e-02 -2.981932e-03 9.997405e-01 3.673158e-01
-9.997039e-01 -7.875449e-03 2.302952e-02 3.750585e-03 7.804648e-03 -9.999645e-01 -3.162605e-03 -3.331543e-03 2.305361e-02 -2.981932e-03 9.997299e-01 3.899204e-01
-9.996841e-01 -7.875448e-03 2.387276e-02 6.405768e-03 7.801977e-03 -9.999645e-01 -3.169188e-03 -3.422081e-03 2.389687e-02 -2.981932e-03 9.997101e-01 4.132689e-01
-9.996755e-01 -7.875449e-03 2.423111e-02 3.090884e-03 7.800841e-03 -9.999645e-01 -3.171984e-03 -3.458069e-03 2.425523e-02 -2.981932e-03 9.997014e-01 4.340921e-01
-9.995072e-01 -2.033568e-02 2.391236e-02 -1.166519e-03 2.020516e-02 -9.997797e-01 -5.687219e-03 -1.478828e-03 2.402274e-02 -5.201264e-03 9.996980e-01 4.550373e-01
-9.994602e-01 -2.033568e-02 2.580585e-02 -2.105061e-03 2.019435e-02 -9.997797e-01 -5.725487e-03 -1.573384e-03 2.591660e-02 -5.201264e-03 9.996507e-01 4.768823e-01
-9.993902e-01 -2.033568e-02 2.838929e-02 -2.889601e-03 2.017948e-02 -9.997797e-01 -5.777668e-03 -1.668964e-03 2.850053e-02 -5.201263e-03 9.995804e-01 4.983217e-01
-9.986548e-01 -2.033568e-02 4.769969e-02 1.036917e-03 2.006404e-02 -9.997797e-01 -6.166607e-03 -1.951120e-03 4.781458e-02 -5.201263e-03 9.988428e-01 5.372056e-01
-9.966328e-01 -8.454966e-03 8.155841e-02 -1.109885e-02 8.159736e-03 -9.999589e-01 -3.952471e-03 9.360730e-06 8.158848e-02 -3.273667e-03 9.966608e-01 5.714978e-01
-9.957137e-01 -8.454966e-03 9.210253e-02 -8.543364e-03 8.117446e-03 -9.999589e-01 -4.038614e-03 -7.242728e-05 9.213289e-02 -3.273667e-03 9.957414e-01 5.898803e-01
-9.947568e-01 -8.454965e-03 1.019200e-01 -6.124764e-03 8.077212e-03 -9.999589e-01 -4.118490e-03 -1.535362e-04 1.019506e-01 -3.273666e-03 9.947842e-01 6.084089e-01
-9.940357e-01 -8.454966e-03 1.087281e-01 -1.670685e-02 8.048826e-03 -9.999589e-01 -4.173694e-03 -1.109103e-04 1.087589e-01 -3.273667e-03 9.940628e-01 6.227191e-01
-9.964023e-01 -9.058507e-03 8.426402e-02 -5.264720e-03 8.145053e-03 -9.999043e-01 -1.117785e-02 1.595087e-03 8.435721e-02 -1.045130e-02 9.963809e-01 6.311037e-01
-9.958823e-01 -9.058506e-03 9.020315e-02 -6.953871e-03 8.078264e-03 -9.999043e-01 -1.122621e-02 1.386580e-03 9.029621e-02 -1.045130e-02 9.958602e-01 6.525162e-01
-9.952981e-01 -9.058507e-03 9.643552e-02 -1.059825e-02 8.007832e-03 -9.999043e-01 -1.127656e-02 1.237349e-03 9.652845e-02 -1.045130e-02 9.952754e-01 6.699522e-01
-9.945869e-01 -9.058507e-03 1.035131e-01 -1.277846e-02 7.927413e-03 -9.999043e-01 -1.133324e-02 1.086803e-03 1.036059e-01 -1.045130e-02 9.945636e-01 6.862450e-01
-9.965535e-01 -1.995578e-02 8.051822e-02 -2.061703e-03 1.834167e-02 -9.996167e-01 -2.073662e-02 3.987442e-03 8.090118e-02 -1.918831e-02 9.965375e-01 6.723857e-01
-9.959993e-01 -1.995578e-02 8.710454e-02 -9.115263e-03 1.820418e-02 -9.996167e-01 -2.085743e-02 4.388304e-03 8.748738e-02 -1.918831e-02 9.959809e-01 6.588383e-01
-9.946262e-01 -1.995578e-02 1.015904e-01 -8.691692e-03 1.789872e-02 -9.996167e-01 -2.112015e-02 4.342422e-03 1.019729e-01 -1.918831e-02 9.946022e-01 6.607881e-01
-9.927241e-01 -1.995578e-02 1.187463e-01 -1.330938e-02 1.753143e-02 -9.996167e-01 -2.142600e-02 4.156326e-03 1.191283e-01 -1.918831e-02 9.926935e-01 6.752851e-01
-9.923192e-01 -1.499938e-02 1.227923e-01 -6.749541e-03 1.297521e-02 -9.997667e-01 -1.726765e-02 -1.028063e-02 1.230227e-01 -1.554177e-02 9.922823e-01 6.964021e-01
-9.917850e-01 -1.499938e-02 1.270334e-01 -4.435988e-03 1.290127e-02 -9.997667e-01 -1.732296e-02 -1.077090e-02 1.272636e-01 -1.554176e-02 9.917473e-01 7.257076e-01
-9.924615e-01 -1.499938e-02 1.216364e-01 -4.025452e-03 1.299531e-02 -9.997667e-01 -1.725253e-02 -1.129969e-02 1.218668e-01 -1.554177e-02 9.924248e-01 7.593267e-01
-9.929636e-01 -1.499938e-02 1.174670e-01 -9.140315e-03 1.306766e-02 -9.997667e-01 -1.719780e-02 -1.180422e-02 1.176975e-01 -1.554177e-02 9.929279e-01 7.967187e-01
-9.956906e-01 -1.385355e-02 9.169818e-02 6.100065e-04 1.250369e-02 -9.998051e-01 -1.527883e-02 -1.227940e-02 9.189198e-02 -1.406643e-02 9.956697e-01 8.367409e-01
-9.955528e-01 -1.385355e-02 9.318106e-02 6.827991e-06 1.248092e-02 -9.998051e-01 -1.529744e-02 -1.273076e-02 9.337482e-02 -1.406643e-02 9.955317e-01 8.694163e-01
-9.958863e-01 -1.385355e-02 8.954684e-02 -2.945494e-05 1.253667e-02 -9.998051e-01 -1.525178e-02 -1.306188e-02 8.974067e-02 -1.406642e-02 9.958659e-01 8.929875e-01
-9.961308e-01 -1.385355e-02 8.678502e-02 8.624620e-04 1.257891e-02 -9.998051e-01 -1.521696e-02 -1.330009e-02 8.697892e-02 -1.406643e-02 9.961110e-01 9.090399e-01
-9.966516e-01 -9.177833e-03 8.124896e-02 1.444193e-03 7.797176e-03 -9.998201e-01 -1.729392e-02 -1.139240e-02 8.139306e-02 -1.660250e-02 9.965439e-01 9.441248e-01
-9.965208e-01 -9.177833e-03 8.283895e-02 -1.655293e-03 7.769575e-03 -9.998201e-01 -1.730633e-02 -1.189390e-02 8.298288e-02 -1.660250e-02 9.964128e-01 9.760392e-01
-9.968515e-01 -9.177832e-03 7.875874e-02 -9.836513e-03 7.840357e-03 -9.998201e-01 -1.727438e-02 -1.243021e-02 7.890310e-02 -1.660250e-02 9.967442e-01 1.012859e+00
-9.971094e-01 -9.177833e-03 7.542460e-02 -6.722085e-03 7.898083e-03 -9.998201e-01 -1.724806e-02 -1.288084e-02 7.556932e-02 -1.660250e-02 9.970024e-01 1.038275e+00
-9.990893e-01 -1.023535e-02 4.142408e-02 5.456723e-03 9.640622e-03 -9.998479e-01 -1.453138e-02 -2.360855e-02 4.156652e-02 -1.411879e-02 9.990361e-01 1.076678e+00
-9.994889e-01 -1.023535e-02 3.028728e-02 9.148545e-04 9.801967e-03 -9.998479e-01 -1.442304e-02 -2.382772e-02 3.043030e-02 -1.411879e-02 9.994373e-01 1.095492e+00
-9.997460e-01 -1.023535e-02 2.008526e-02 6.200429e-03 9.948652e-03 -9.998479e-01 -1.432225e-02 -2.409121e-02 2.022880e-02 -1.411879e-02 9.996958e-01 1.110320e+00
-9.998887e-01 -1.023535e-02 1.086952e-02 5.669899e-03 1.008024e-02 -9.998479e-01 -1.422995e-02 -2.422732e-02 1.101352e-02 -1.411879e-02 9.998398e-01 1.120344e+00
-9.999869e-01 -4.475599e-03 -2.535787e-03 8.972757e-04 4.489708e-03 -9.999743e-01 -5.585978e-03 -2.151192e-02 -2.510721e-03 -5.597289e-03 9.999813e-01 1.122814e+00
-9.999337e-01 -4.475599e-03 -1.062468e-02 2.988962e-03 4.534747e-03 -9.999743e-01 -5.549477e-03 -2.152013e-02 -1.059957e-02 -5.597289e-03 9.999283e-01 1.122608e+00
-9.998560e-01 -4.475599e-03 -1.637790e-02 2.110972e-03 4.566602e-03 -9.999743e-01 -5.523294e-03 -2.152128e-02 -1.635276e-02 -5.597289e-03 9.998507e-01 1.123515e+00
-9.998322e-01 -4.475599e-03 -1.777099e-02 -4.004310e-04 4.574293e-03 -9.999743e-01 -5.516926e-03 -2.147172e-02 -1.774584e-02 -5.597289e-03 9.998270e-01 1.116669e+00
-9.999371e-01 -7.938318e-03 -7.932228e-03 8.844906e-03 7.957246e-03 -9.999655e-01 -2.357556e-03 -1.632627e-02 -7.913239e-03 -2.420526e-03 9.999658e-01 1.115836e+00
-9.998620e-01 -7.938318e-03 -1.459753e-02 8.749401e-03 7.972784e-03 -9.999655e-01 -2.304461e-03 -1.632822e-02 -1.457873e-02 -2.420526e-03 9.998909e-01 1.116956e+00
-9.998481e-01 -7.938317e-03 -1.552325e-02 8.586098e-03 7.974914e-03 -9.999655e-01 -2.297079e-03 -1.633585e-02 -1.550448e-02 -2.420526e-03 9.998770e-01 1.120643e+00
-9.998115e-01 -7.938318e-03 -1.772499e-02 4.773724e-03 7.979954e-03 -9.999655e-01 -2.279512e-03 -1.629465e-02 -1.770629e-02 -2.420526e-03 9.998404e-01 1.116124e+00
-9.999964e-01 -2.720854e-03 1.881316e-04 -1.654760e-02 2.720070e-03 -9.999881e-01 -4.052251e-03 -1.472329e-02 1.991550e-04 -4.051724e-03 9.999919e-01 1.111773e+00
-9.999947e-01 -2.720854e-03 -1.853473e-03 -1.737987e-02 2.728337e-03 -9.999881e-01 -4.046689e-03 -1.469326e-02 -1.842441e-03 -4.051724e-03 9.999902e-01 1.104920e+00
-9.999925e-01 -2.720854e-03 -2.792598e-03 -1.682689e-02 2.732136e-03 -9.999881e-01 -4.044125e-03 -1.467232e-02 -2.781562e-03 -4.051724e-03 9.999880e-01 1.099379e+00
-9.999629e-01 -2.720854e-03 8.181941e-03 -1.965644e-02 2.687589e-03 -9.999881e-01 -4.073865e-03 -1.455161e-02 8.192929e-03 -4.051724e-03 9.999583e-01 1.071486e+00
-9.996307e-01 4.683338e-03 2.677179e-02 -2.373530e-02 -5.015561e-03 -9.999111e-01 -1.235580e-02 -4.119349e-03 2.671154e-02 -1.248551e-02 9.995654e-01 1.068521e+00
-9.995275e-01 4.683338e-03 3.038303e-02 -3.293946e-02 -5.060166e-03 -9.999111e-01 -1.233760e-02 -3.967783e-03 3.032255e-02 -1.248551e-02 9.994622e-01 1.052930e+00
-9.993858e-01 4.683338e-03 3.473232e-02 -3.916805e-02 -5.113807e-03 -9.999111e-01 -1.231547e-02 -3.818869e-03 3.467156e-02 -1.248552e-02 9.993209e-01 1.038668e+00
-9.991046e-01 4.683339e-03 4.205008e-02 -4.461340e-02 -5.203859e-03 -9.999111e-01 -1.227769e-02 -3.596460e-03 4.198884e-02 -1.248551e-02 9.990402e-01 1.018813e+00
-9.990693e-01 -8.462829e-03 4.229878e-02 -2.841215e-02 7.866869e-03 -9.998677e-01 -1.423594e-02 -8.696190e-03 4.241366e-02 -1.388993e-02 9.990037e-01 1.006968e+00
-9.984124e-01 -8.462830e-03 5.568893e-02 -2.173617e-02 7.675309e-03 -9.998677e-01 -1.434013e-02 -8.578393e-03 5.580292e-02 -1.388993e-02 9.983453e-01 9.944211e-01
-9.970014e-01 -8.462829e-03 7.691970e-02 -2.017683e-02 7.368454e-03 -9.998677e-01 -1.450019e-02 -8.495562e-03 7.703225e-02 -1.388993e-02 9.969319e-01 9.875085e-01
-9.952419e-01 -8.462829e-03 9.706748e-02 -1.909544e-02 7.073693e-03 -9.998677e-01 -1.464624e-02 -8.405227e-03 9.717859e-02 -1.388993e-02 9.951701e-01 9.803469e-01
-9.942060e-01 -1.103368e-02 1.069244e-01 -2.150104e-02 9.627784e-03 -9.998604e-01 -1.365578e-02 -5.983252e-03 1.070601e-01 -1.254721e-02 9.941735e-01 9.695239e-01
-9.943547e-01 -1.103368e-02 1.055326e-01 -2.038887e-02 9.646891e-03 -9.998604e-01 -1.364229e-02 -5.866692e-03 1.056684e-01 -1.254721e-02 9.943224e-01 9.592575e-01
-9.941541e-01 -1.103368e-02 1.074064e-01 -1.971252e-02 9.621165e-03 -9.998604e-01 -1.366045e-02 -5.902940e-03 1.075421e-01 -1.254721e-02 9.941214e-01 9.615512e-01
-9.936343e-01 -1.103368e-02 1.121132e-01 -1.690460e-02 9.556365e-03 -9.998604e-01 -1.370586e-02 -5.900255e-03 1.122488e-01 -1.254721e-02 9.936010e-01 9.588680e-01
-9.938173e-01 -8.612636e-03 1.106940e-01 -1.534629e-02 7.195811e-03 -9.998871e-01 -1.319260e-02 7.448986e-05 1.107952e-01 -1.231450e-02 9.937671e-01 9.467999e-01
-9.933636e-01 -8.612636e-03 1.146944e-01 -1.291913e-02 7.142637e-03 -9.998871e-01 -1.322146e-02 1.708736e-04 1.147953e-01 -1.231450e-02 9.933129e-01 9.372763e-01
-9.930745e-01 -8.612636e-03 1.171708e-01 -9.451217e-03 7.109649e-03 -9.998871e-01 -1.323923e-02 3.969535e-04 1.172716e-01 -1.231450e-02 9.930236e-01 9.164941e-01
-9.926959e-01 -8.612636e-03 1.203367e-01 -1.023353e-02 7.067400e-03 -9.998871e-01 -1.326183e-02 7.086637e-04 1.204373e-01 -1.231450e-02 9.926447e-01 8.917317e-01
-9.912276e-01 -9.492784e-03 1.318251e-01 -6.266138e-03 7.854477e-03 -9.998854e-01 -1.294232e-02 -9.745453e-03 1.319329e-01 -1.179336e-02 9.911886e-01 8.579185e-01
-9.897449e-01 -9.492783e-03 1.425315e-01 -4.858211e-03 7.714124e-03 -9.998854e-01 -1.302646e-02 -9.403583e-03 1.426388e-01 -1.179336e-02 9.897047e-01 8.278002e-01
-9.900709e-01 -9.492785e-03 1.402483e-01 -7.310443e-03 7.744150e-03 -9.998854e-01 -1.300863e-02 -9.239600e-03 1.403557e-01 -1.179336e-02 9.900310e-01 8.158709e-01
-9.901122e-01 -9.492785e-03 1.399572e-01 -8.921171e-03 7.747974e-03 -9.998854e-01 -1.300635e-02 -9.062715e-03 1.400647e-01 -1.179336e-02 9.900723e-01 8.021705e-01
-9.932200e-01 3.440627e-04 1.162503e-01 -1.604683e-03 -1.289729e-03 -9.999667e-01 -8.059622e-03 -6.009826e-03 1.162436e-01 -8.154909e-03 9.931873e-01 7.944254e-01
-9.923117e-01 3.440627e-04 1.237643e-01 2.014795e-04 -1.350693e-03 -9.999667e-01 -8.049631e-03 -6.111971e-03 1.237574e-01 -8.154909e-03 9.922791e-01 8.070268e-01
-9.914496e-01 3.440627e-04 1.304902e-01 -2.342416e-03 -1.405245e-03 -9.999667e-01 -8.040286e-03 -6.261868e-03 1.304831e-01 -8.154909e-03 9.914171e-01 8.253002e-01
-9.910476e-01 3.440624e-04 1.335094e-01 -4.131599e-03 -1.429728e-03 -9.999667e-01 -8.035969e-03 -6.369584e-03 1.335022e-01 -8.154909e-03 9.910150e-01 8.384329e-01
-9.926697e-01 -7.938712e-03 1.205984e-01 1.034098e-02 7.583839e-03 -9.999654e-01 -3.401295e-03 -3.852156e-03 1.206212e-01 -2.461764e-03 9.926956e-01 8.486316e-01
-9.923869e-01 -7.938712e-03 1.229043e-01 1.288802e-02 7.575916e-03 -9.999654e-01 -3.418905e-03 -3.877633e-03 1.229272e-01 -2.461764e-03 9.924127e-01 8.507667e-01
-9.920670e-01 -7.938713e-03 1.254598e-01 1.050309e-02 7.567086e-03 -9.999654e-01 -3.438406e-03 -3.842100e-03 1.254828e-01 -2.461764e-03 9.920928e-01 8.440244e-01
-9.916936e-01 -7.938712e-03 1.283784e-01 1.244130e-02 7.556935e-03 -9.999654e-01 -3.460657e-03 -3.833911e-03 1.284015e-01 -2.461764e-03 9.917193e-01 8.344474e-01
-9.925355e-01 -7.269892e-03 1.217396e-01 1.163191e-02 6.965039e-03 -9.999714e-01 -2.929499e-03 -7.081511e-03 1.217575e-01 -2.059711e-03 9.925578e-01 8.348029e-01
-9.933627e-01 -7.269893e-03 1.147944e-01 9.753281e-03 6.985359e-03 -9.999714e-01 -2.880711e-03 -7.048214e-03 1.148121e-01 -2.059711e-03 9.933852e-01 8.252682e-01
-9.937920e-01 -7.269892e-03 1.110172e-01 1.267605e-02 6.996259e-03 -9.999714e-01 -2.854134e-03 -7.060302e-03 1.110348e-01 -2.059711e-03 9.938145e-01 8.208210e-01
-9.937011e-01 -7.269893e-03 1.118278e-01 1.571168e-02 6.993929e-03 -9.999714e-01 -2.859840e-03 -7.076094e-03 1.118454e-01 -2.059711e-03 9.937236e-01 8.177732e-01
-9.968295e-01 -1.017060e-02 7.891682e-02 1.868637e-02 1.013104e-02 -9.999483e-01 -9.016898e-04 -9.097639e-03 7.892191e-02 -9.932148e-05 9.968809e-01 8.408756e-01
-9.968385e-01 -1.017060e-02 7.880280e-02 1.891620e-02 1.013114e-02 -9.999483e-01 -9.005312e-04 -9.100692e-03 7.880788e-02 -9.932168e-05 9.968899e-01 8.480804e-01
-9.961573e-01 -1.017060e-02 8.698972e-02 1.958045e-02 1.012340e-02 -9.999483e-01 -9.837336e-04 -9.110805e-03 8.699522e-02 -9.932159e-05 9.962088e-01 8.818685e-01
-9.960381e-01 -1.017060e-02 8.834531e-02 2.087751e-02 1.012205e-02 -9.999483e-01 -9.975097e-04 -9.122731e-03 8.835089e-02 -9.932155e-05 9.960895e-01 8.691228e-01
-9.955809e-01 -7.564149e-03 9.360422e-02 8.176899e-03 7.308055e-03 -9.999685e-01 -3.078399e-03 -5.144681e-03 9.362457e-02 -2.380731e-03 9.956048e-01 8.816898e-01
-9.956850e-01 -7.564149e-03 9.249017e-02 1.530484e-02 7.311495e-03 -9.999685e-01 -3.070220e-03 -5.235424e-03 9.251049e-02 -2.380730e-03 9.957089e-01 8.971573e-01
-9.954154e-01 -7.564149e-03 9.534740e-02 1.201437e-02 7.302654e-03 -9.999685e-01 -3.091191e-03 -5.247644e-03 9.536777e-02 -2.380730e-03 9.954394e-01 9.127445e-01
-9.954118e-01 -7.564148e-03 9.538469e-02 9.492537e-03 7.302538e-03 -9.999685e-01 -3.091465e-03 -5.275020e-03 9.540508e-02 -2.380730e-03 9.954358e-01 9.322554e-01
-9.957492e-01 -8.769345e-03 9.168882e-02 1.473161e-02 7.222970e-03 -9.998263e-01 -1.718371e-02 -4.573856e-03 9.182358e-02 -1.644840e-02 9.956395e-01 9.637699e-01
-9.959452e-01 -8.638727e-03 8.954757e-02 1.739649e-02 7.131069e-03 -9.998276e-01 -1.714268e-02 -4.398934e-03 8.968023e-02 -1.643460e-02 9.958351e-01 9.689327e-01
-9.962313e-01 -8.508159e-03 8.631888e-02 2.222212e-02 7.057767e-03 -9.998290e-01 -1.709401e-02 -4.250286e-03 8.644956e-02 -1.642037e-02 9.961210e-01 9.746013e-01
-9.963807e-01 -8.377614e-03 8.458994e-02 2.713424e-02 6.958588e-03 -9.998303e-01 -1.705627e-02 -4.096873e-03 8.471848e-02 -1.640591e-02 9.962699e-01 9.799787e-01
-9.960079e-01 -1.931411e-02 8.715174e-02 3.100584e-02 1.749919e-02 -9.996148e-01 -2.154096e-02 -7.408305e-03 8.753421e-02 -1.992989e-02 9.959622e-01 9.959372e-01
-9.965171e-01 -1.918363e-02 8.115359e-02 4.009889e-02 1.749977e-02 -9.996176e-01 -2.140975e-02 -7.598026e-03 8.153328e-02 -1.991501e-02 9.964718e-01 1.010899e+00
-9.973940e-01 -1.905334e-02 6.958725e-02 3.641654e-02 1.761817e-02 -9.996204e-01 -2.117982e-02 -7.602515e-03 6.996439e-02 -1.989863e-02 9.973511e-01 1.028861e+00
-9.979712e-01 -1.892319e-02 6.079159e-02 3.353341e-02 1.767541e-02 -9.996232e-01 -2.099821e-02 -7.655242e-03 6.116604e-02 -1.988109e-02 9.979297e-01 1.048479e+00
-9.991624e-01 -7.048640e-03 4.031233e-02 2.440370e-02 6.284967e-03 -9.997990e-01 -1.903935e-02 -9.134035e-03 4.043843e-02 -1.877004e-02 9.990059e-01 1.066252e+00
-9.989961e-01 -6.918784e-03 4.426172e-02 2.550044e-02 6.080826e-03 -9.998003e-01 -1.903858e-02 -8.757996e-03 4.438460e-02 -1.875032e-02 9.988387e-01 1.060877e+00
-9.986728e-01 -6.788798e-03 5.105592e-02 3.050096e-02 5.822356e-03 -9.998015e-01 -1.905404e-02 -8.507618e-03 5.117514e-02 -1.873149e-02 9.985141e-01 1.060796e+00
-9.985740e-01 -6.658775e-03 5.296933e-02 2.265600e-02 5.657008e-03 -9.998027e-01 -1.903970e-02 -8.423524e-03 5.308567e-02 -1.871290e-02 9.984147e-01 1.074205e+00
-9.994463e-01 -1.410753e-02 3.013615e-02 2.474815e-02 1.362389e-02 -9.997761e-01 -1.619391e-02 -1.162876e-02 3.035785e-02 -1.577437e-02 9.994147e-01 1.081523e+00
-9.994539e-01 -1.397798e-02 2.994505e-02 2.491867e-02 1.349816e-02 -9.997782e-01 -1.616583e-02 -1.147044e-02 3.016438e-02 -1.575280e-02 9.994209e-01 1.089273e+00
-9.995295e-01 -1.384848e-02 2.736883e-02 1.927132e-02 1.341096e-02 -9.997804e-01 -1.610552e-02 -1.077729e-02 2.758586e-02 -1.573090e-02 9.994957e-01 1.068167e+00
-9.992523e-01 -1.371880e-02 3.615007e-02 1.089971e-02 1.314011e-02 -9.997824e-01 -1.619726e-02 -1.022972e-02 3.636442e-02 -1.571014e-02 9.992152e-01 1.058629e+00
-9.995204e-01 -1.304211e-02 2.809010e-02 5.392245e-03 1.272400e-02 -9.998532e-01 -1.147379e-02 -1.436954e-02 2.823561e-02 -1.111086e-02 9.995396e-01 1.052023e+00
-9.992399e-01 -1.291242e-02 3.678365e-02 -3.055546e-03 1.249488e-02 -9.998551e-01 -1.155857e-02 -1.403436e-02 3.692757e-02 -1.109017e-02 9.992565e-01 1.057137e+00
-9.989277e-01 -1.278256e-02 4.450092e-02 -1.135721e-02 1.227639e-02 -9.998570e-01 -1.162926e-02 -1.370416e-02 4.464321e-02 -1.107048e-02 9.989418e-01 1.062442e+00
-9.982677e-01 -1.265247e-02 5.746065e-02 -9.883341e-03 1.199560e-02 -9.998589e-01 -1.176213e-02 -1.349600e-02 5.760136e-02 -1.105248e-02 9.982786e-01 1.067507e+00
-9.983027e-01 -8.465978e-03 5.762099e-02 8.204807e-03 7.540117e-03 -9.998392e-01 -1.626661e-02 -9.032921e-03 5.774945e-02 -1.580453e-02 9.982061e-01 1.085774e+00
-9.975789e-01 -8.335676e-03 6.904288e-02 7.566713e-03 7.224618e-03 -9.998406e-01 -1.632638e-02 -8.828750e-03 6.916796e-02 -1.578804e-02 9.974802e-01 1.091091e+00
-9.971327e-01 -8.205272e-03 7.522798e-02 1.016062e-02 6.994399e-03 -9.998419e-01 -1.634540e-02 -8.904853e-03 7.535020e-02 -1.577236e-02 9.970325e-01 1.112493e+00
-9.968981e-01 -8.074821e-03 7.828899e-02 6.954017e-03 6.815349e-03 -9.998432e-01 -1.634133e-02 -8.909683e-03 7.840867e-02 -1.575708e-02 9.967969e-01 1.132388e+00
-9.975522e-01 -6.044789e-04 6.992461e-02 6.113770e-03 -5.672573e-04 -9.998598e-01 -1.673607e-02 -1.592913e-02 6.992493e-02 -1.673477e-02 9.974120e-01 1.156090e+00
-9.977174e-01 -4.741953e-04 6.752668e-02 5.314556e-03 -6.558681e-04 -9.998601e-01 -1.671191e-02 -1.589552e-02 6.752515e-02 -1.671806e-02 9.975775e-01 1.171016e+00
-9.978524e-01 -3.439462e-04 6.550357e-02 4.037119e-03 -7.508213e-04 -9.998605e-01 -1.668775e-02 -1.587256e-02 6.550017e-02 -1.670109e-02 9.977129e-01 1.186599e+00
-9.978378e-01 -2.136934e-04 6.572589e-02 1.047062e-02 -8.833785e-04 -9.998608e-01 -1.666211e-02 -1.575450e-02 6.572030e-02 -1.668415e-02 9.976987e-01 1.196389e+00
-9.968588e-01 -1.278637e-02 7.816199e-02 1.601031e-02 1.158945e-02 -9.998088e-01 -1.574790e-02 -9.005269e-03 7.834841e-02 -1.479258e-02 9.968163e-01 1.207447e+00
-9.967642e-01 -1.265591e-02 7.937972e-02 1.619915e-02 1.144137e-02 -9.998107e-01 -1.573658e-02 -8.935082e-03 7.956385e-02 -1.477745e-02 9.967203e-01 1.221671e+00
-9.968783e-01 -1.252547e-02 7.795454e-02 1.792317e-02 1.133503e-02 -9.998126e-01 -1.569474e-02 -8.579005e-03 7.813652e-02 -1.476213e-02 9.968335e-01 1.215246e+00
-9.969178e-01 -1.239504e-02 7.746872e-02 1.995149e-02 1.121385e-02 -9.998145e-01 -1.566375e-02 -8.413726e-03 7.764849e-02 -1.474675e-02 9.968718e-01 1.221510e+00
-9.961401e-01 5.056482e-03 8.763247e-02 1.481977e-02 -4.958239e-03 -9.999868e-01 1.338706e-03 -1.964228e-02 8.763808e-02 8.990364e-04 9.961520e-01 1.237679e+00
-9.964992e-01 5.187012e-03 8.344202e-02 1.892213e-02 -5.092680e-03 -9.999861e-01 1.343310e-03 -1.932343e-02 8.344784e-02 9.136639e-04 9.965118e-01 1.253880e+00
-9.971415e-01 5.317420e-03 7.537064e-02 1.867948e-02 -5.232245e-03 -9.999855e-01 1.327500e-03 -1.902265e-02 7.537659e-02 9.293475e-04 9.971548e-01 1.274648e+00
-9.975463e-01 5.447739e-03 6.979910e-02 1.690050e-02 -5.368434e-03 -9.999847e-01 1.323719e-03 -1.872850e-02 6.980524e-02 9.457594e-04 9.975603e-01 1.296941e+00
-9.985074e-01 -8.080396e-03 5.401763e-02 2.200505e-02 8.954585e-03 -9.998325e-01 1.596102e-02 -2.106349e-02 5.387961e-02 1.642090e-02 9.984125e-01 1.335960e+00
-9.988290e-01 -7.950475e-03 4.772457e-02 2.107818e-02 8.724991e-03 -9.998332e-01 1.604260e-02 -2.016724e-02 4.758906e-02 1.644021e-02 9.987318e-01 1.372820e+00
-9.989665e-01 -7.820608e-03 4.477762e-02 1.603617e-02 8.548784e-03 -9.998339e-01 1.609373e-02 -1.927187e-02 4.464432e-02 1.645989e-02 9.988675e-01 1.407633e+00
-9.991019e-01 -7.690805e-03 4.166981e-02 1.204967e-02 8.369839e-03 -9.998346e-01 1.614572e-02 -1.851477e-02 4.153875e-02 1.647999e-02 9.990011e-01 1.434548e+00
-9.981819e-01 5.654429e-03 6.000768e-02 1.275427e-02 -4.759288e-03 -9.998754e-01 1.504954e-02 -1.901506e-02 6.008530e-02 1.473659e-02 9.980845e-01 1.466579e+00
-9.984527e-01 5.784492e-03 5.530794e-02 1.200917e-02 -4.958920e-03 -9.998744e-01 1.505244e-02 -1.842831e-02 5.538807e-02 1.475488e-02 9.983559e-01 1.487468e+00
-9.989807e-01 5.914359e-03 4.475252e-02 2.054993e-02 -5.246567e-03 -9.998733e-01 1.502465e-02 -1.783416e-02 4.483571e-02 1.477454e-02 9.988852e-01 1.505121e+00
-9.990010e-01 6.044215e-03 4.427904e-02 1.412608e-02 -5.382525e-03 -9.998723e-01 1.504763e-02 -1.769066e-02 4.436433e-02 1.479426e-02 9.989060e-01 1.498331e+00
-9.979442e-01 -6.460065e-03 6.376473e-02 2.065596e-02 6.786630e-03 -9.999650e-01 4.906147e-03 -2.103087e-02 6.373080e-02 5.328808e-03 9.979530e-01 1.497751e+00
-9.979293e-01 -6.329846e-03 6.400902e-02 1.788362e-02 6.658978e-03 -9.999657e-01 4.929954e-03 -2.069632e-02 6.397561e-02 5.345981e-03 9.979372e-01 1.504155e+00
-9.980534e-01 -6.199659e-03 6.205777e-02 2.153196e-02 6.520473e-03 -9.999664e-01 4.968434e-03 -2.043466e-02 6.202488e-02 5.363409e-03 9.980603e-01 1.504436e+00
-9.978982e-01 -6.069430e-03 6.451837e-02 1.742787e-02 6.403850e-03 -9.999671e-01 4.977811e-03 -2.003807e-02 6.448604e-02 5.380515e-03 9.979042e-01 1.520960e+00
-9.981521e-01 4.959356e-03 6.056305e-02 8.417066e-03 -4.986386e-03 -9.999875e-01 -2.951888e-04 -2.412773e-02 6.056083e-02 -5.966340e-04 9.981644e-01 1.509267e+00
-9.982142e-01 5.089499e-03 5.952026e-02 5.010562e-03 -5.114930e-03 -9.999869e-01 -2.749285e-04 -2.385857e-02 5.951808e-02 -5.788796e-04 9.982271e-01 1.502816e+00
-9.981740e-01 5.219652e-03 6.017970e-02 7.235147e-03 -5.243965e-03 -9.999862e-01 -2.460800e-04 -2.354961e-02 6.017759e-02 -5.612109e-04 9.981876e-01 1.476826e+00
-9.981161e-01 5.349826e-03 6.112109e-02 2.157077e-03 -5.373052e-03 -9.999855e-01 -2.156644e-04 -2.328038e-02 6.111906e-02 -5.436650e-04 9.981304e-01 1.451759e+00
-9.978881e-01 -2.503579e-03 6.491015e-02 4.634709e-03 2.113110e-03 -9.999793e-01 -6.083487e-03 -1.519277e-02 6.492403e-02 -5.933477e-03 9.978727e-01 1.439338e+00
-9.979485e-01 -2.373357e-03 6.397917e-02 4.549698e-03 1.989930e-03 -9.999797e-01 -6.056044e-03 -1.484218e-02 6.399224e-02 -5.916306e-03 9.979330e-01 1.427909e+00
-9.980701e-01 -2.243167e-03 6.205739e-02 8.347198e-03 1.872733e-03 -9.999801e-01 -6.026732e-03 -1.453727e-02 6.206967e-02 -5.898884e-03 9.980545e-01 1.422709e+00
-9.981267e-01 -2.112993e-03 6.114512e-02 1.389775e-02 1.749386e-03 -9.999804e-01 -5.999550e-03 -1.420034e-02 6.115660e-02 -5.881344e-03 9.981109e-01 1.411507e+00
-9.981560e-01 -9.607900e-03 5.993732e-02 1.052278e-02 9.578215e-03 -9.999538e-01 -7.825443e-04 -1.123668e-02 5.994207e-02 -2.070087e-04 9.982019e-01 1.400548e+00
-9.989233e-01 -9.478021e-03 4.541530e-02 1.332482e-02 9.459728e-03 -9.999551e-01 -6.176999e-04 -1.097670e-02 4.541911e-02 -1.874185e-04 9.989681e-01 1.380464e+00
-9.995782e-01 -9.348519e-03 2.749675e-02 1.060142e-02 9.340432e-03 -9.999563e-01 -4.225126e-04 -1.066677e-02 2.749950e-02 -1.655029e-04 9.996219e-01 1.370207e+00
-9.996907e-01 -9.219109e-03 2.310515e-02 4.399877e-03 9.213342e-03 -9.999575e-01 -3.560040e-04 -1.032513e-02 2.310745e-02 -1.430182e-04 9.997331e-01 1.358408e+00
-9.998560e-01 -1.345309e-02 1.035624e-02 3.132997e-03 1.348653e-02 -9.999040e-01 3.165862e-03 1.228567e-03 1.031265e-02 3.305076e-03 9.999415e-01 1.363897e+00
-9.998327e-01 -1.332394e-02 1.253273e-02 -2.998354e-03 1.336454e-02 -9.999057e-01 3.161968e-03 1.635474e-03 1.248942e-02 3.328933e-03 9.999166e-01 1.376638e+00
-9.997936e-01 -1.319471e-02 1.545553e-02 -5.036480e-03 1.324488e-02 -9.999073e-01 3.148356e-03 2.004403e-03 1.541255e-02 3.352413e-03 9.998757e-01 1.394309e+00
-9.996110e-01 -1.306528e-02 2.464790e-02 1.593232e-03 1.314443e-02 -9.999089e-01 3.051908e-03 2.245759e-03 2.460578e-02 3.374703e-03 9.996917e-01 1.407700e+00
-9.997506e-01 -6.099346e-03 2.148831e-02 -8.290673e-03 5.943049e-03 -9.999555e-01 -7.329923e-03 -6.996832e-03 2.153205e-02 -7.200389e-03 9.997423e-01 1.419497e+00
-9.997647e-01 -5.969988e-03 2.085549e-02 -4.683197e-03 5.818836e-03 -9.999564e-01 -7.300691e-03 -6.829682e-03 2.089816e-02 -7.177619e-03 9.997559e-01 1.432605e+00
-9.992054e-01 -5.840228e-03 3.942985e-02 -6.765001e-03 5.553317e-03 -9.999573e-01 -7.382090e-03 -6.624661e-03 3.947128e-02 -7.157258e-03 9.991952e-01 1.445167e+00
-9.987269e-01 -5.710259e-03 5.012227e-02 -1.034258e-02 5.345137e-03 -9.999582e-01 -7.415636e-03 -6.340726e-03 5.016252e-02 -7.138284e-03 9.987156e-01 1.447866e+00
-9.990262e-01 -5.315936e-03 4.380059e-02 -2.009190e-02 4.941458e-03 -9.999503e-01 -8.653454e-03 -3.996527e-03 4.384441e-02 -8.428589e-03 9.990029e-01 1.447464e+00
-9.993255e-01 -5.186239e-03 3.635840e-02 -2.685763e-02 4.876923e-03 -9.999512e-01 -8.590940e-03 -3.610218e-03 3.640118e-02 -8.407828e-03 9.993020e-01 1.439324e+00
-9.993460e-01 -5.056554e-03 3.580886e-02 -2.607051e-02 4.752797e-03 -9.999520e-01 -8.562789e-03 -3.302405e-03 3.585044e-02 -8.386997e-03 9.993221e-01 1.435864e+00
-9.988235e-01 -4.926621e-03 4.824367e-02 -2.954636e-02 4.517010e-03 -9.999529e-01 -8.595809e-03 -3.094890e-03 4.828374e-02 -8.367779e-03 9.987987e-01 1.446904e+00
-9.945667e-01 -8.901209e-03 1.037206e-01 -7.897243e-03 8.111395e-03 -9.999349e-01 -8.034125e-03 -4.326884e-03 1.037854e-01 -7.149155e-03 9.945741e-01 1.449592e+00
-9.925665e-01 -8.770220e-03 1.213880e-01 -4.200298e-03 7.838419e-03 -9.999360e-01 -8.151609e-03 -4.131998e-03 1.214517e-01 -7.139525e-03 9.925717e-01 1.457361e+00
-9.898399e-01 -8.639055e-03 1.419248e-01 8.181497e-03 7.539011e-03 -9.999372e-01 -8.286780e-03 -3.994111e-03 1.419875e-01 -7.132612e-03 9.898429e-01 1.462677e+00
-9.886488e-01 -8.507840e-03 1.500043e-01 1.423842e-02 7.342232e-03 -9.999384e-01 -8.322607e-03 -3.745328e-03 1.500659e-01 -7.126769e-03 9.886504e-01 1.460216e+00
-9.927692e-01 -2.087853e-02 1.182094e-01 -3.852107e-03 1.930678e-02 -9.997095e-01 -1.442599e-02 1.227717e-02 1.184763e-01 -1.203943e-02 9.928840e-01 1.421197e+00
-9.925529e-01 -2.074757e-02 1.200349e-01 -4.951301e-03 1.915140e-02 -9.997123e-01 -1.443599e-02 1.303477e-02 1.202998e-01 -1.202965e-02 9.926648e-01 1.383638e+00
-9.931806e-01 -2.061667e-02 1.147498e-01 -2.379871e-03 1.909916e-02 -9.997152e-01 -1.430837e-02 1.344967e-02 1.150121e-01 -1.201918e-02 9.932915e-01 1.368243e+00
-9.936527e-01 -2.048581e-02 1.106110e-01 1.130495e-03 1.902979e-02 -9.997180e-01 -1.420321e-02 1.384039e-02 1.108708e-01 -1.200815e-02 9.937624e-01 1.353273e+00
