-1.000000e+00 0.000000e+00 0.000000e+00 0.000000e+00 0.000000e+00 -1.000000e+00 0.000000e+00 0.000000e+00 0.000000e+00 0.000000e+00 1.000000e+00 0.000000e+00
-9.999993e-01 0.000000e+00 -1.101137e-03 3.423028e-03 0.000000e+00 -1.000000e+00 0.000000e+00 0.000000e+00 -1.101137e-03 0.000000e+00 9.999993e-01 1.584085e-03
-9.999986e-01 0.000000e+00 -1.697322e-03 6.104612e-03 0.000000e+00 -1.000000e+00 0.000000e+00 0.000000e+00 -1.697322e-03 0.000000e+00 9.999986e-01 3.406944e-03
-9.999987e-01 0.000000e+00 -1.570975e-03 6.773054e-03 0.000000e+00 -1.000000e+00 0.000000e+00 0.000000e+00 -1.570975e-03 0.000000e+00 9.999987e-01 2.510615e-03
-9.999955e-01 0.000000e+00 -2.979524e-03 9.166206e-03 0.000000e+00 -1.000000e+00 0.000000e+00 0.000000e+00 -2.979524e-03 0.000000e+00 9.999955e-01 -8.592937e-03
-9.999932e-01 0.000000e+00 -3.676383e-03 1.156907e-02 0.000000e+00 -1.000000e+00 0.000000e+00 0.000000e+00 -3.676383e-03 0.000000e+00 9.999932e-01 -1.983750e-02
-9.999765e-01 0.000000e+00 -6.852652e-03 1.740130e-02 0.000000e+00 -1.000000e+00 0.000000e+00 0.000000e+00 -6.852652e-03 0.000000e+00 9.999765e-01 -2.431389e-02
-9.999477e-01 0.000000e+00 -1.022325e-02 1.562980e-02 0.000000e+00 -1.000000e+00 0.000000e+00 0.000000e+00 -1.022325e-02 0.000000e+00 9.999477e-01 -3.293461e-02
-9.999460e-01 -4.232465e-03 -9.487010e-03 9.316636e-03 4.221518e-03 -9.999904e-01 1.173698e-03 4.215349e-03 -9.491886e-03 1.133585e-03 9.999543e-01 -4.180302e-02
-9.999315e-01 -4.232464e-03 -1.090662e-02 9.839301e-03 4.219846e-03 -9.999904e-01 1.179690e-03 4.210892e-03 -1.091151e-02 1.133585e-03 9.999398e-01 -4.378297e-02
-9.999179e-01 -4.232464e-03 -1.209793e-02 1.086844e-02 4.218438e-03 -9.999904e-01 1.184717e-03 4.203713e-03 -1.210283e-02 1.133585e-03 9.999261e-01 -4.627281e-02
-9.999906e-01 -2.578386e-03 -3.472668e-03 1.465391e-02 2.575691e-03 -9.999964e-01 7.802782e-04 5.170208e-03 -3.474667e-03 7.713264e-04 9.999937e-01 -4.787747e-02
-9.999875e-01 -2.578386e-03 -4.288171e-03 1.613457e-02 2.575054e-03 -9.999964e-01 7.823785e-04 5.165211e-03 -4.290173e-03 7.713264e-04 9.999905e-01 -4.940691e-02
-9.999740e-01 -2.578386e-03 -6.739670e-03 1.513244e-02 2.573128e-03 -9.999964e-01 7.886890e-04 5.166890e-03 -6.741679e-03 7.713264e-04 9.999770e-01 -5.058026e-02
-9.999485e-01 -2.578386e-03 -9.815576e-03 1.382573e-02 2.570690e-03 -9.999964e-01 7.966002e-04 5.172839e-03 -9.817596e-03 7.713264e-04 9.999515e-01 -4.723543e-02
-9.999133e-01 -3.051797e-03 -1.280885e-02 1.174138e-02 3.042245e-03 -9.999951e-01 7.651597e-04 5.032549e-03 -1.281112e-02 7.261256e-04 9.999177e-01 -2.958399e-02
-9.997068e-01 -3.051797e-03 -2.402225e-02 1.801197e-03 3.033472e-03 -9.999951e-01 7.992309e-04 5.089931e-03 -2.402457e-02 7.261257e-04 9.997111e-01 7.662547e-03
-9.994418e-01 -3.051797e-03 -3.326920e-02 -3.663591e-03 3.025949e-03 -9.999951e-01 8.272584e-04 5.133739e-03 -3.327156e-02 7.261257e-04 9.994461e-01 4.502660e-02
-9.992907e-01 -3.051797e-03 -3.753364e-02 -1.849892e-03 3.022391e-03 -9.999951e-01 8.401630e-04 5.150872e-03 -3.753601e-02 7.261257e-04 9.992950e-01 7.624414e-02
-9.999900e-01 2.389649e-04 -4.472609e-03 4.202495e-03 -2.444796e-04 -9.999992e-01 1.232467e-03 4.007732e-03 -4.472311e-03 1.233548e-03 9.999892e-01 1.068020e-01
-9.999779e-01 2.389649e-04 -6.649159e-03 6.473446e-03 -2.471615e-04 -9.999992e-01 1.231931e-03 4.045359e-03 -6.648859e-03 1.233548e-03 9.999772e-01 1.368656e-01
-9.999738e-01 2.389649e-04 -7.240855e-03 5.767646e-03 -2.478904e-04 -9.999992e-01 1.231785e-03 4.084193e-03 -7.240555e-03 1.233548e-03 9.999730e-01 1.684839e-01
-9.999697e-01 2.389649e-04 -7.785568e-03 5.374020e-03 -2.485614e-04 -9.999992e-01 1.231650e-03 4.123175e-03 -7.785268e-03 1.233548e-03 9.999689e-01 2.001618e-01
-9.999695e-01 -7.334567e-03 2.690274e-03 -4.229275e-03 7.332996e-03 -9.999729e-01 -5.934396e-04 6.067803e-04 2.694554e-03 -5.736937e-04 9.999962e-01 2.299029e-01
-9.999676e-01 -7.334567e-03 3.331739e-03 -3.953295e-03 7.332613e-03 -9.999729e-01 -5.981434e-04 5.869570e-04 3.336035e-03 -5.736936e-04 9.999943e-01 2.609274e-01
-9.999697e-01 -7.334567e-03 2.615187e-03 -5.756928e-03 7.333040e-03 -9.999729e-01 -5.928889e-04 5.808462e-04 2.619465e-03 -5.736937e-04 9.999964e-01 2.946380e-01
-9.997263e-01 -7.334567e-03 2.221607e-02 -3.108223e-03 7.320009e-03 -9.999729e-01 -7.365170e-04 5.729866e-04 2.222087e-02 -5.736936e-04 9.997529e-01 2.744743e-01
-9.993536e-01 -6.225741e-03 3.540615e-02 -1.093205e-02 6.153534e-03 -9.999788e-01 -2.148015e-03 1.280832e-02 3.541877e-02 -1.928754e-03 9.993707e-01 2.869239e-01
-9.989467e-01 -6.225741e-03 4.546093e-02 -1.661145e-02 6.131607e-03 -9.999788e-01 -2.209830e-03 1.281420e-02 4.547372e-02 -1.928754e-03 9.989637e-01 3.022073e-01
-9.986814e-01 -6.225742e-03 5.095930e-02 -1.961498e-02 6.119350e-03 -9.999788e-01 -2.243550e-03 1.282092e-02 5.097219e-02 -1.928754e-03 9.986982e-01 3.084194e-01
-9.986594e-01 -6.225741e-03 5.138638e-02 -1.760254e-02 6.118389e-03 -9.999788e-01 -2.246167e-03 1.279644e-02 5.139927e-02 -1.928754e-03 9.986763e-01 3.146152e-01
-9.999591e-01 3.882630e-03 8.169473e-03 -3.258146e-03 -3.956457e-03 -9.999513e-01 -9.040161e-03 1.235134e-02 8.133977e-03 -9.072113e-03 9.999258e-01 3.198051e-01
-9.999759e-01 3.882630e-03 5.762692e-03 -7.191201e-03 -3.934686e-03 -9.999513e-01 -9.049657e-03 1.227660e-02 5.727274e-03 -9.072112e-03 9.999424e-01 3.263596e-01
-9.999850e-01 3.882631e-03 3.868594e-03 -6.664790e-03 -3.917539e-03 -9.999513e-01 -9.057093e-03 1.220348e-02 3.833240e-03 -9.072112e-03 9.999515e-01 3.346446e-01
-9.999914e-01 3.882631e-03 1.432137e-03 -5.939690e-03 -3.895460e-03 -9.999513e-01 -9.066612e-03 1.213051e-02 1.396865e-03 -9.072113e-03 9.999579e-01 3.429982e-01
-9.999903e-01 4.220259e-03 1.187196e-03 -5.975512e-03 -4.228900e-03 -9.999639e-01 -7.372077e-03 1.677643e-02 1.156042e-03 -7.377027e-03 9.999721e-01 3.526441e-01
-9.999903e-01 4.220260e-03 1.302774e-03 -5.027818e-03 -4.229752e-03 -9.999639e-01 -7.371589e-03 1.666587e-02 1.271616e-03 -7.377027e-03 9.999719e-01 3.681727e-01
-9.999893e-01 4.220259e-03 1.922375e-03 -7.273218e-03 -4.234319e-03 -9.999639e-01 -7.368966e-03 1.656795e-02 1.891206e-03 -7.377027e-03 9.999710e-01 3.801622e-01
-9.999903e-01 4.220259e-03 1.220616e-03 -7.717305e-03 -4.229147e-03 -9.999639e-01 -7.371936e-03 1.647455e-02 1.189461e-03 -7.377027e-03 9.999721e-01 3.925684e-01
-9.999866e-01 4.982909e-03 1.333598e-03 -1.061689e-02 -4.987617e-03 -9.999813e-01 -3.550142e-03 7.761517e-03 1.315883e-03 -3.556746e-03 9.999928e-01 4.121222e-01
-9.999871e-01 4.982909e-03 1.010102e-03 -1.252351e-02 -4.986468e-03 -9.999813e-01 -3.551755e-03 7.682516e-03 9.923846e-04 -3.556746e-03 9.999931e-01 4.316622e-01
-9.999872e-01 4.982909e-03 -8.645240e-04 -1.383071e-02 -4.979801e-03 -9.999813e-01 -3.561096e-03 7.604665e-03 -8.822525e-04 -3.556746e-03 9.999933e-01 4.517185e-01
-9.999876e-01 4.982909e-03 2.411479e-04 -1.250378e-02 -4.983735e-03 -9.999813e-01 -3.555588e-03 7.576803e-03 2.234262e-04 -3.556746e-03 9.999937e-01 4.614110e-01
-9.999444e-01 6.431829e-03 8.348963e-03 -8.476770e-03 -6.339793e-03 -9.999194e-01 1.100358e-02 1.627760e-02 8.419063e-03 1.095004e-02 9.999046e-01 4.709472e-01
-9.998381e-01 6.431828e-03 1.680473e-02 -9.083273e-03 -6.246514e-03 -9.999194e-01 1.105680e-02 1.630707e-02 1.687449e-02 1.095004e-02 9.997976e-01 4.739944e-01
-9.997275e-01 6.431828e-03 2.244157e-02 -1.073271e-02 -6.184076e-03 -9.999194e-01 1.109184e-02 1.636345e-02 2.251110e-02 1.095004e-02 9.996866e-01 4.801120e-01
-9.995710e-01 6.431828e-03 2.857282e-02 -8.003200e-03 -6.115930e-03 -9.999194e-01 1.112956e-02 1.628996e-02 2.864210e-02 1.095004e-02 9.995298e-01 4.717983e-01
-9.999584e-01 4.045909e-03 8.170512e-03 -1.024565e-02 -3.956761e-03 -9.999328e-01 1.089773e-02 7.589774e-03 8.214054e-03 1.086494e-02 9.999072e-01 4.650960e-01
-9.999736e-01 4.045909e-03 6.043945e-03 -9.799521e-03 -3.979928e-03 -9.999328e-01 1.088929e-02 7.562108e-03 6.087596e-03 1.086494e-02 9.999225e-01 4.623835e-01
-9.999788e-01 4.045909e-03 5.102265e-03 -8.534709e-03 -3.990181e-03 -9.999328e-01 1.088553e-02 7.533334e-03 5.145964e-03 1.086494e-02 9.999277e-01 4.592645e-01
-9.999851e-01 4.045909e-03 3.660187e-03 -7.559319e-03 -4.005875e-03 -9.999328e-01 1.087977e-02 7.498818e-03 3.703960e-03 1.086494e-02 9.999341e-01 4.557246e-01
-9.999979e-01 2.039900e-03 -1.759642e-04 -9.139810e-03 -2.039948e-03 -9.999979e-01 2.683259e-04 1.584984e-02 -1.754164e-04 2.686843e-04 9.999999e-01 4.523236e-01
-9.999971e-01 2.039900e-03 -1.316792e-03 -9.223082e-03 -2.040252e-03 -9.999979e-01 2.659985e-04 1.584676e-02 -1.316247e-03 2.686843e-04 9.999991e-01 4.414910e-01
-9.997969e-01 2.039900e-03 2.005093e-02 -5.668941e-03 -2.034103e-03 -9.999979e-01 3.095328e-04 1.585024e-02 2.005152e-02 2.686843e-04 9.997989e-01 4.274679e-01
-9.991755e-01 2.039900e-03 4.054878e-02 -2.814945e-03 -2.027327e-03 -9.999979e-01 3.511795e-04 1.585244e-02 4.054941e-02 2.686842e-04 9.991775e-01 4.139962e-01
-9.998931e-01 -3.954798e-03 1.407677e-02 -1.380822e-02 3.907694e-03 -9.999867e-01 -3.372129e-03 4.847852e-03 1.408992e-02 -3.316760e-03 9.998952e-01 4.235948e-01
-9.995412e-01 -3.954797e-03 3.002924e-02 -1.600031e-02 3.853391e-03 -9.999867e-01 -3.434050e-03 4.823396e-03 3.004243e-02 -3.316760e-03 9.995431e-01 4.335818e-01
-9.992651e-01 -3.954797e-03 3.812596e-02 -1.782657e-02 3.825443e-03 -9.999867e-01 -3.465155e-03 4.764277e-03 3.813916e-02 -3.316760e-03 9.992669e-01 4.535836e-01
-9.989964e-01 -3.954797e-03 4.461532e-02 -1.688290e-02 3.802857e-03 -9.999867e-01 -3.489928e-03 4.701721e-03 4.462852e-02 -3.316760e-03 9.989982e-01 4.713189e-01
-9.999920e-01 -1.453964e-03 3.735179e-03 -6.603879e-03 1.419143e-03 -9.999557e-01 -9.308172e-03 7.391321e-03 3.748547e-03 -9.302796e-03 9.999497e-01 4.969366e-01
-9.999792e-01 -1.453963e-03 6.279928e-03 -1.179320e-02 1.395451e-03 -9.999557e-01 -9.311754e-03 7.271540e-03 6.293189e-03 -9.302797e-03 9.999369e-01 5.106229e-01
-9.999604e-01 -1.453963e-03 8.784076e-03 -1.208835e-02 1.372128e-03 -9.999557e-01 -9.315220e-03 7.152199e-03 8.797230e-03 -9.302798e-03 9.999180e-01 5.234970e-01
-9.999295e-01 -1.453964e-03 1.178397e-02 -1.199424e-02 1.344176e-03 -9.999557e-01 -9.319293e-03 7.025505e-03 1.179700e-02 -9.302797e-03 9.998871e-01 5.371006e-01
-9.999900e-01 -3.862105e-03 2.252908e-03 -1.509524e-02 3.845609e-03 -9.999661e-01 -7.281126e-03 1.943711e-02 2.280953e-03 -7.272389e-03 9.999710e-01 5.502505e-01
-9.999811e-01 -3.862105e-03 4.778832e-03 -1.552349e-02 3.827205e-03 -9.999661e-01 -7.290817e-03 1.934739e-02 4.806827e-03 -7.272390e-03 9.999620e-01 5.628144e-01
-9.999689e-01 -3.862105e-03 6.879928e-03 -1.436471e-02 3.811877e-03 -9.999661e-01 -7.298842e-03 1.924220e-02 6.907883e-03 -7.272390e-03 9.999497e-01 5.766634e-01
-9.999401e-01 -3.862105e-03 1.023939e-02 -1.483359e-02 3.787334e-03 -9.999661e-01 -7.311607e-03 1.918230e-02 1.026728e-02 -7.272390e-03 9.999208e-01 5.851477e-01
-9.999635e-01 -6.867696e-03 5.077972e-03 -1.719559e-02 6.879726e-03 -9.999735e-01 2.355509e-03 7.928649e-03 5.061660e-03 2.390358e-03 9.999843e-01 6.291386e-01
-9.999512e-01 -6.867696e-03 7.109302e-03 -2.743213e-02 6.884498e-03 -9.999735e-01 2.341528e-03 8.105908e-03 7.093033e-03 2.390358e-03 9.999720e-01 6.738821e-01
-9.999472e-01 -6.867696e-03 7.641160e-03 -3.281124e-02 6.885742e-03 -9.999735e-01 2.337866e-03 8.252036e-03 7.624902e-03 2.390358e-03 9.999681e-01 7.195582e-01
-9.999371e-01 -6.867696e-03 8.872319e-03 -3.448689e-02 6.888615e-03 -9.999735e-01 2.329387e-03 8.369597e-03 8.856088e-03 2.390358e-03 9.999579e-01 7.639238e-01
-9.999671e-01 -2.945041e-03 7.558551e-03 -3.208017e-02 3.011608e-03 -9.999567e-01 8.810678e-03 9.948297e-03 7.532275e-03 8.833150e-03 9.999326e-01 7.706551e-01
-9.999606e-01 -2.945041e-03 8.373515e-03 -3.434966e-02 3.018788e-03 -9.999567e-01 8.808220e-03 1.000824e-02 8.347211e-03 8.833149e-03 9.999261e-01 7.766848e-01
-9.999488e-01 -2.945041e-03 9.681513e-03 -3.419385e-02 3.030307e-03 -9.999567e-01 8.804264e-03 1.002803e-02 9.655164e-03 8.833149e-03 9.999144e-01 7.789770e-01
-9.999334e-01 -2.945041e-03 1.115453e-02 -3.398672e-02 3.043274e-03 -9.999567e-01 8.799790e-03 1.004300e-02 1.112813e-02 8.833150e-03 9.998990e-01 7.807404e-01
-9.999570e-01 -8.808359e-04 9.234454e-03 -3.292426e-02 1.007313e-03 -9.999056e-01 1.370059e-02 6.569813e-03 9.221514e-03 1.370930e-02 9.998635e-01 7.817029e-01
-9.999450e-01 -8.808359e-04 1.044238e-02 -3.454045e-02 1.023863e-03 -9.999056e-01 1.369936e-02 6.594135e-03 1.042933e-02 1.370930e-02 9.998516e-01 7.833731e-01
-9.999392e-01 -8.808359e-04 1.098933e-02 -3.567207e-02 1.031356e-03 -9.999056e-01 1.369880e-02 6.629337e-03 1.097623e-02 1.370930e-02 9.998457e-01 7.858679e-01
-9.999213e-01 -8.808360e-04 1.251863e-02 -3.956877e-02 1.052306e-03 -9.999056e-01 1.369721e-02 6.805792e-03 1.250539e-02 1.370930e-02 9.998278e-01 7.984875e-01
-9.999483e-01 1.589410e-03 1.004629e-02 -3.952972e-02 -1.519860e-03 -9.999748e-01 6.926764e-03 3.016402e-02 1.005705e-02 6.911137e-03 9.999256e-01 8.117924e-01
-9.999301e-01 1.589410e-03 1.171200e-02 -4.288046e-02 -1.508319e-03 -9.999748e-01 6.929286e-03 3.024646e-02 1.172272e-02 6.911137e-03 9.999074e-01 8.244913e-01
-9.999178e-01 1.589410e-03 1.272429e-02 -4.119916e-02 -1.501303e-03 -9.999748e-01 6.930809e-03 3.032147e-02 1.273499e-02 6.911137e-03 9.998950e-01 8.349579e-01
-9.999000e-01 1.589410e-03 1.405293e-02 -4.001577e-02 -1.492093e-03 -9.999748e-01 6.932798e-03 3.039050e-02 1.406360e-02 6.911136e-03 9.998772e-01 8.446730e-01
-9.999401e-01 4.895029e-03 9.787485e-03 -3.525899e-02 -4.851412e-03 -9.999782e-01 4.475181e-03 1.665262e-02 9.809177e-03 4.427429e-03 9.999421e-01 8.471894e-01
-9.998138e-01 4.895029e-03 1.866627e-02 -3.117416e-02 -4.811483e-03 -9.999782e-01 4.518083e-03 1.668605e-02 1.868798e-02 4.427429e-03 9.998155e-01 8.502234e-01
-9.996439e-01 4.895029e-03 2.622949e-02 -3.623976e-02 -4.777165e-03 -9.999782e-01 4.554353e-03 1.668165e-02 2.625121e-02 4.427429e-03 9.996455e-01 8.548299e-01
-9.994526e-01 4.895029e-03 3.272086e-02 -3.555671e-02 -4.747488e-03 -9.999782e-01 4.585281e-03 1.670148e-02 3.274259e-02 4.427429e-03 9.994540e-01 8.585529e-01
-9.999633e-01 1.635601e-03 8.414939e-03 -3.792410e-02 -1.585012e-03 -9.999806e-01 6.014977e-03 2.199464e-02 8.424615e-03 6.001418e-03 9.999465e-01 8.384460e-01
-9.999665e-01 1.635601e-03 8.019346e-03 -3.452589e-02 -1.587391e-03 -9.999806e-01 6.014349e-03 2.188164e-02 8.029028e-03 6.001418e-03 9.999498e-01 8.186917e-01
-9.999664e-01 1.635600e-03 8.026394e-03 -3.200498e-02 -1.587349e-03 -9.999806e-01 6.014360e-03 2.176736e-02 8.036075e-03 6.001418e-03 9.999497e-01 7.989636e-01
-9.999693e-01 1.635600e-03 7.659096e-03 -2.982117e-02 -1.589558e-03 -9.999806e-01 6.013776e-03 2.175626e-02 7.668784e-03 6.001417e-03 9.999526e-01 7.965180e-01
-9.999756e-01 -2.346468e-03 6.585560e-03 -3.897766e-02 2.417515e-03 -9.999387e-01 1.080110e-02 1.840962e-02 6.559812e-03 1.081675e-02 9.999200e-01 8.002089e-01
-9.999812e-01 -2.346468e-03 5.652749e-03 -4.177560e-02 2.407438e-03 -9.999387e-01 1.080335e-02 1.862323e-02 5.627053e-03 1.081675e-02 9.999257e-01 8.193486e-01
-9.999914e-01 -2.346468e-03 3.399876e-03 -4.057911e-02 2.383093e-03 -9.999387e-01 1.080874e-02 1.870564e-02 3.374306e-03 1.081675e-02 9.999358e-01 8.272266e-01
-9.999893e-01 -2.346468e-03 3.990110e-03 -3.386267e-02 2.389472e-03 -9.999387e-01 1.080733e-02 1.873662e-02 3.964507e-03 1.081675e-02 9.999337e-01 8.315480e-01
-9.999580e-01 -2.672894e-03 8.768268e-03 -3.601740e-02 2.783629e-03 -9.999162e-01 1.264123e-02 1.527899e-02 8.733745e-03 1.266511e-02 9.998816e-01 8.368351e-01
-9.999520e-01 -2.672894e-03 9.418449e-03 -3.768387e-02 2.791848e-03 -9.999162e-01 1.263942e-02 1.534442e-02 9.383876e-03 1.266511e-02 9.998757e-01 8.416489e-01
-9.999516e-01 -2.672894e-03 9.470365e-03 -3.477325e-02 2.792504e-03 -9.999162e-01 1.263928e-02 1.531600e-02 9.435788e-03 1.266511e-02 9.998752e-01 8.400192e-01
-9.999494e-01 -2.672894e-03 9.697309e-03 -3.267704e-02 2.795372e-03 -9.999162e-01 1.263864e-02 1.529655e-02 9.662714e-03 1.266511e-02 9.998731e-01 8.389266e-01
-9.998981e-01 -5.810417e-03 1.303876e-02 -3.511703e-02 5.967511e-03 -9.999097e-01 1.204183e-02 1.416951e-02 1.296762e-02 1.211841e-02 9.998425e-01 8.381185e-01
-9.999093e-01 -5.810416e-03 1.214716e-02 -2.981903e-02 5.956770e-03 -9.999097e-01 1.204715e-02 1.415628e-02 1.207606e-02 1.211841e-02 9.998536e-01 8.395669e-01
-9.999063e-01 -5.810417e-03 1.239477e-02 -2.529880e-02 5.959754e-03 -9.999097e-01 1.204567e-02 1.412396e-02 1.232366e-02 1.211841e-02 9.998506e-01 8.390675e-01
-9.999595e-01 -5.810416e-03 6.865264e-03 -1.894498e-02 5.893052e-03 -9.999097e-01 1.207845e-02 1.422254e-02 6.794462e-03 1.211841e-02 9.999035e-01 8.502474e-01
-9.998524e-01 -1.597689e-02 6.311310e-03 -2.807841e-02 1.596742e-02 -9.998713e-01 -1.547040e-03 1.944483e-02 6.335215e-03 -1.446036e-03 9.999788e-01 8.625042e-01
-9.998659e-01 -1.597689e-02 3.578382e-03 -2.712536e-02 1.597159e-02 -9.998713e-01 -1.503390e-03 1.940881e-02 3.601941e-03 -1.446036e-03 9.999924e-01 8.768850e-01
-9.998723e-01 -1.597689e-02 1.112414e-04 -2.650179e-02 1.597671e-02 -9.998713e-01 -1.447998e-03 1.937722e-02 1.343615e-04 -1.446036e-03 9.999989e-01 8.918378e-01
-9.998611e-01 -1.597689e-02 -4.738286e-03 -2.850764e-02 1.598354e-02 -9.998713e-01 -1.370492e-03 1.939645e-02 -4.715780e-03 -1.446036e-03 9.999878e-01 9.006979e-01
-9.998566e-01 -1.635360e-02 4.393802e-03 -3.436557e-02 1.635378e-02 -9.998662e-01 5.273614e-06 2.405491e-02 4.393129e-03 7.712815e-05 9.999903e-01 9.075728e-01
-9.998633e-01 -1.635360e-02 2.421174e-03 -3.383592e-02 1.635374e-02 -9.998662e-01 3.753812e-05 2.404643e-02 2.420236e-03 7.712825e-05 9.999971e-01 9.099019e-01
-9.998660e-01 -1.635360e-02 6.923274e-04 -3.422116e-02 1.635365e-02 -9.998662e-01 6.581482e-05 2.405293e-02 6.911585e-04 7.712808e-05 9.999998e-01 9.125369e-01
-9.998661e-01 -1.635360e-02 -6.623595e-04 -3.467291e-02 1.635355e-02 -9.998662e-01 8.797192e-05 2.406058e-02 -6.637097e-04 7.712820e-05 9.999998e-01 9.159458e-01
-9.998291e-01 -1.451487e-02 1.144756e-02 -3.334408e-02 1.460457e-02 -9.998630e-01 7.790955e-03 1.719154e-02 1.133290e-02 7.956809e-03 9.999041e-01 9.184946e-01
-9.998382e-01 -1.451487e-02 1.062235e-02 -3.285983e-02 1.459813e-02 -9.998630e-01 7.803007e-03 1.720937e-02 1.050763e-02 7.956810e-03 9.999131e-01 9.216188e-01
-9.998382e-01 -1.451487e-02 1.062511e-02 -3.278752e-02 1.459815e-02 -9.998630e-01 7.802966e-03 1.722788e-02 1.051039e-02 7.956809e-03 9.999131e-01 9.240761e-01
-9.998378e-01 -1.451487e-02 1.066059e-02 -3.545722e-02 1.459843e-02 -9.998630e-01 7.802448e-03 1.730047e-02 1.054588e-02 7.956810e-03 9.999127e-01 9.283280e-01
-9.999227e-01 -1.108071e-02 5.649013e-03 -3.335586e-02 1.112147e-02 -9.999120e-01 7.235847e-03 2.173355e-02 5.568337e-03 7.298113e-03 9.999579e-01 8.930858e-01
-9.998770e-01 -1.108071e-02 1.109557e-02 -2.788113e-02 1.116072e-02 -9.999120e-01 7.175162e-03 2.155783e-02 1.101508e-02 7.298114e-03 9.999127e-01 8.773228e-01
-9.998529e-01 -1.108071e-02 1.309131e-02 -2.977514e-02 1.117502e-02 -9.999120e-01 7.152870e-03 2.145956e-02 1.301090e-02 7.298114e-03 9.998887e-01 8.609828e-01
-9.997260e-01 -1.108071e-02 2.061952e-02 -2.996976e-02 1.122856e-02 -9.999120e-01 7.068523e-03 2.126613e-02 2.053938e-02 7.298114e-03 9.997624e-01 8.341857e-01
-9.997783e-01 -1.166562e-02 1.752819e-02 -2.773055e-02 1.174587e-02 -9.999210e-01 4.482316e-03 2.285302e-02 1.747452e-02 4.687206e-03 9.998363e-01 8.077264e-01
-9.996956e-01 -1.166562e-02 2.174130e-02 -2.903756e-02 1.176465e-02 -9.999210e-01 4.432776e-03 2.283294e-02 2.168787e-02 4.687206e-03 9.997538e-01 8.001887e-01
-9.996909e-01 -1.166562e-02 2.195551e-02 -3.127546e-02 1.176560e-02 -9.999210e-01 4.430255e-03 2.290784e-02 2.190209e-02 4.687205e-03 9.997491e-01 8.105983e-01
-9.996840e-01 -1.166562e-02 2.226577e-02 -3.212159e-02 1.176698e-02 -9.999210e-01 4.426603e-03 2.297312e-02 2.221237e-02 4.687205e-03 9.997423e-01 8.224176e-01
-9.999201e-01 -8.300553e-03 9.535209e-03 -3.339569e-02 8.341918e-03 -9.999560e-01 4.306571e-03 2.612249e-02 9.499041e-03 4.385768e-03 9.999453e-01 8.347607e-01
-9.999188e-01 -8.300553e-03 9.668476e-03 -3.368327e-02 8.342491e-03 -9.999560e-01 4.305459e-03 2.618400e-02 9.632313e-03 4.385768e-03 9.999440e-01 8.482424e-01
-9.999139e-01 -8.300554e-03 1.015686e-02 -3.439423e-02 8.344594e-03 -9.999560e-01 4.301383e-03 2.624994e-02 1.012071e-02 4.385768e-03 9.999391e-01 8.619303e-01
-9.999006e-01 -8.300553e-03 1.139877e-02 -3.019949e-02 8.349930e-03 -9.999560e-01 4.291016e-03 2.624902e-02 1.136265e-02 4.385768e-03 9.999259e-01 8.696584e-01
-9.998946e-01 -1.002532e-02 1.050784e-02 -3.581901e-02 1.004603e-02 -9.999477e-01 1.919350e-03 4.298439e-02 1.048805e-02 2.024709e-03 9.999430e-01 8.628268e-01
-9.999119e-01 -1.002532e-02 8.699862e-03 -3.772173e-02 1.004254e-02 -9.999477e-01 1.937511e-03 4.298822e-02 8.679983e-03 2.024709e-03 9.999602e-01 8.552962e-01
-9.999228e-01 -1.002532e-02 7.347645e-03 -3.772891e-02 1.003991e-02 -9.999477e-01 1.951090e-03 4.297151e-02 7.327700e-03 2.024709e-03 9.999711e-01 8.470104e-01
-9.999300e-01 -1.002533e-02 6.297898e-03 -3.815743e-02 1.003786e-02 -9.999477e-01 1.961630e-03 4.296046e-02 6.277902e-03 2.024709e-03 9.999782e-01 8.394295e-01
-9.999100e-01 -9.275626e-03 9.693715e-03 -3.492323e-02 9.215713e-03 -9.999382e-01 -6.207181e-03 2.777666e-02 9.750693e-03 -6.117288e-03 9.999338e-01 8.203528e-01
-9.999365e-01 -9.275625e-03 6.400144e-03 -3.117000e-02 9.236107e-03 -9.999382e-01 -6.176792e-03 2.778140e-02 6.457042e-03 -6.117287e-03 9.999605e-01 8.138862e-01
-9.999388e-01 -9.275625e-03 6.028898e-03 -3.503907e-02 9.238400e-03 -9.999382e-01 -6.173363e-03 2.785800e-02 6.085787e-03 -6.117288e-03 9.999627e-01 8.072323e-01
-9.999245e-01 -9.275625e-03 8.057872e-03 -3.649636e-02 9.225855e-03 -9.999382e-01 -6.192096e-03 2.786183e-02 8.114810e-03 -6.117287e-03 9.999484e-01 8.088170e-01
-9.999046e-01 -8.849300e-03 1.060507e-02 -3.939325e-02 8.752202e-03 -9.999197e-01 -9.167550e-03 2.953754e-02 1.068534e-02 -9.073857e-03 9.999017e-01 8.096800e-01
-9.998897e-01 -8.849300e-03 1.192342e-02 -3.922040e-02 8.740108e-03 -9.999197e-01 -9.179082e-03 2.946914e-02 1.200369e-02 -9.073857e-03 9.998868e-01 8.170493e-01
-9.998929e-01 -8.849300e-03 1.166007e-02 -3.908918e-02 8.742524e-03 -9.999197e-01 -9.176780e-03 2.948390e-02 1.174035e-02 -9.073857e-03 9.998899e-01 8.152950e-01
-9.998808e-01 -8.849302e-03 1.265175e-02 -3.678524e-02 8.733421e-03 -9.999197e-01 -9.185446e-03 2.948461e-02 1.273202e-02 -9.073858e-03 9.998778e-01 8.129694e-01
-9.998890e-01 -8.824597e-03 1.200081e-02 -3.397250e-02 8.789580e-03 -9.999570e-01 -2.967553e-03 2.881441e-02 1.202648e-02 -2.861741e-03 9.999236e-01 8.105257e-01
-9.998513e-01 -8.824597e-03 1.481665e-02 -3.503264e-02 8.781188e-03 -9.999570e-01 -2.992294e-03 2.885865e-02 1.484242e-02 -2.861741e-03 9.998857e-01 7.983355e-01
-9.998363e-01 -8.824597e-03 1.579490e-02 -3.768055e-02 8.778256e-03 -9.999570e-01 -3.000884e-03 2.890933e-02 1.582070e-02 -2.861741e-03 9.998707e-01 7.887936e-01
-9.998302e-01 -8.824596e-03 1.617573e-02 -3.635284e-02 8.777112e-03 -9.999570e-01 -3.004228e-03 2.889469e-02 1.620155e-02 -2.861741e-03 9.998646e-01 7.898165e-01
-9.999639e-01 -8.490604e-03 -1.874522e-04 -3.599314e-02 8.490482e-03 -9.999638e-01 6.423874e-04 3.742204e-02 -1.928996e-04 6.407727e-04 9.999998e-01 7.902130e-01
-9.999629e-01 -8.490602e-03 -1.416724e-03 -3.651752e-02 8.489685e-03 -9.999638e-01 6.528245e-04 3.742642e-02 -1.422215e-03 6.407727e-04 9.999987e-01 7.901075e-01
-9.999615e-01 -8.490602e-03 -2.214503e-03 -3.668804e-02 8.489162e-03 -9.999638e-01 6.595975e-04 3.742812e-02 -2.220023e-03 6.407727e-04 9.999973e-01 7.904976e-01
-9.999573e-01 -8.490603e-03 -3.637669e-03 -3.728796e-02 8.488214e-03 -9.999638e-01 6.716787e-04 3.743352e-02 -3.643241e-03 6.407727e-04 9.999931e-01 7.909707e-01
-9.999173e-01 -1.232947e-02 -3.662689e-03 -4.340802e-02 1.233444e-02 -9.999231e-01 -1.337686e-03 4.008940e-02 -3.645914e-03 -1.382753e-03 9.999924e-01 7.916316e-01
-9.999180e-01 -1.232947e-02 -3.444849e-03 -4.253619e-02 1.233415e-02 -9.999231e-01 -1.340373e-03 4.007639e-02 -3.428057e-03 -1.382753e-03 9.999931e-01 7.932645e-01
-9.999067e-01 -1.232947e-02 -5.888077e-03 -4.449738e-02 1.233739e-02 -9.999231e-01 -1.310232e-03 4.006230e-02 -5.871469e-03 -1.382753e-03 9.999818e-01 8.209369e-01
-9.999053e-01 -1.232947e-02 -6.109777e-03 -4.470570e-02 1.233768e-02 -9.999231e-01 -1.307496e-03 4.003739e-02 -6.093186e-03 -1.382753e-03 9.999805e-01 8.408110e-01
-9.999359e-01 -1.085212e-02 -3.224669e-03 -5.054775e-02 1.084431e-02 -9.999382e-01 2.429773e-03 3.727935e-02 -3.250838e-03 2.394647e-03 9.999918e-01 8.723639e-01
-9.999301e-01 -1.085212e-02 -4.689329e-03 -4.824166e-02 1.084074e-02 -9.999382e-01 2.445654e-03 3.732228e-02 -4.715580e-03 2.394647e-03 9.999860e-01 9.007403e-01
-9.999376e-01 -1.085212e-02 -2.652255e-03 -5.117039e-02 1.084570e-02 -9.999382e-01 2.423564e-03 3.743195e-02 -2.678392e-03 2.394648e-03 9.999935e-01 9.332611e-01
-9.999396e-01 -1.085212e-02 -1.730424e-03 -5.162825e-02 1.084793e-02 -9.999382e-01 2.413565e-03 3.754042e-02 -1.756509e-03 2.394647e-03 9.999956e-01 9.764830e-01
-9.999169e-01 -1.107484e-02 -6.605926e-03 -5.242383e-02 1.107999e-02 -9.999383e-01 -7.443189e-04 3.489190e-02 -6.597276e-03 -8.174506e-04 9.999779e-01 1.006728e+00
-9.999328e-01 -1.107484e-02 -3.442062e-03 -5.277824e-02 1.107758e-02 -9.999383e-01 -7.793734e-04 3.487151e-02 -3.433218e-03 -8.174507e-04 9.999937e-01 1.036471e+00
-9.999371e-01 -1.107484e-02 -1.814243e-03 -4.740575e-02 1.107630e-02 -9.999383e-01 -7.974058e-04 3.479296e-02 -1.805299e-03 -8.174507e-04 9.999980e-01 1.059774e+00
-9.999360e-01 -1.107484e-02 -2.310511e-03 -4.986595e-02 1.107669e-02 -9.999383e-01 -7.919085e-04 3.480508e-02 -2.301598e-03 -8.174506e-04 9.999970e-01 1.078281e+00
-9.998271e-01 -1.514471e-02 -1.078779e-02 -5.813939e-02 1.516669e-02 -9.998831e-01 -1.958809e-03 5.126810e-02 -1.075686e-02 -2.122086e-03 9.999399e-01 1.096608e+00
-9.998038e-01 -1.514471e-02 -1.276884e-02 -6.230674e-02 1.517054e-02 -9.998831e-01 -1.928754e-03 5.129496e-02 -1.273814e-02 -2.122086e-03 9.999166e-01 1.113692e+00
-9.998043e-01 -1.514471e-02 -1.272720e-02 -6.008330e-02 1.517046e-02 -9.998831e-01 -1.929386e-03 5.122440e-02 -1.269649e-02 -2.122086e-03 9.999171e-01 1.131072e+00
-9.997937e-01 -1.514471e-02 -1.353604e-02 -7.046208e-02 1.517202e-02 -9.998831e-01 -1.917112e-03 5.132451e-02 -1.350542e-02 -2.122086e-03 9.999065e-01 1.157971e+00
-9.998812e-01 -9.602841e-03 -1.205648e-02 -6.742693e-02 9.604874e-03 -9.999539e-01 -1.107784e-04 5.024253e-02 -1.205486e-02 -2.265662e-04 9.999273e-01 1.169711e+00
-9.999101e-01 -9.602841e-03 -9.355182e-03 -6.630335e-02 9.604540e-03 -9.999539e-01 -1.367261e-04 5.022890e-02 -9.353437e-03 -2.265660e-04 9.999562e-01 1.182245e+00
-9.999350e-01 -9.602841e-03 -6.143438e-03 -6.585269e-02 9.604051e-03 -9.999539e-01 -1.675751e-04 5.022176e-02 -6.141545e-03 -2.265661e-04 9.999811e-01 1.194648e+00
-9.999408e-01 -9.602840e-03 -5.128443e-03 -6.812692e-02 9.603876e-03 -9.999539e-01 -1.773236e-04 5.023890e-02 -5.126504e-03 -2.265660e-04 9.999868e-01 1.215413e+00
-9.998499e-01 -1.166934e-02 -1.280670e-02 -7.206854e-02 1.176057e-02 -9.999058e-01 -7.071638e-03 4.636161e-02 -1.272298e-02 -7.221191e-03 9.998930e-01 1.236360e+00
-9.998856e-01 -1.166934e-02 -9.618705e-03 -8.081020e-02 1.173797e-02 -9.999058e-01 -7.109100e-03 4.620887e-02 -9.534841e-03 -7.221191e-03 9.999285e-01 1.271636e+00
-9.999009e-01 -1.166934e-02 -7.878542e-03 -8.490759e-02 1.172558e-02 -9.999058e-01 -7.129517e-03 4.599789e-02 -7.794604e-03 -7.221192e-03 9.999436e-01 1.307472e+00
-9.999256e-01 -1.166934e-02 -3.565050e-03 -8.381899e-02 1.169471e-02 -9.999058e-01 -7.180033e-03 4.575721e-02 -3.480928e-03 -7.221191e-03 9.999679e-01 1.339040e+00
-9.998771e-01 -7.839731e-03 -1.357953e-02 -8.125414e-02 7.962202e-03 -9.999279e-01 -8.988338e-03 5.111589e-02 -1.350808e-02 -9.095355e-03 9.998674e-01 1.365086e+00
-9.998874e-01 -7.839731e-03 -1.279456e-02 -8.053835e-02 7.955143e-03 -9.999279e-01 -8.994585e-03 5.093684e-02 -1.272313e-02 -9.095354e-03 9.998777e-01 1.384154e+00
-9.999007e-01 -7.839730e-03 -1.171126e-02 -8.042550e-02 7.945392e-03 -9.999279e-01 -9.003199e-03 5.076388e-02 -1.163983e-02 -9.095355e-03 9.998909e-01 1.403071e+00
-9.999106e-01 -7.839731e-03 -1.083337e-02 -8.072052e-02 7.937486e-03 -9.999279e-01 -9.010172e-03 5.059820e-02 -1.076195e-02 -9.095355e-03 9.999007e-01 1.421539e+00
-9.998408e-01 -6.947809e-03 -1.643229e-02 -8.014385e-02 7.074458e-03 -9.999456e-01 -7.661765e-03 5.238624e-02 -1.637816e-02 -7.776796e-03 9.998357e-01 1.439425e+00
-9.998409e-01 -6.947809e-03 -1.642743e-02 -8.326503e-02 7.074421e-03 -9.999456e-01 -7.661800e-03 5.224100e-02 -1.637331e-02 -7.776796e-03 9.998357e-01 1.460888e+00
-9.998566e-01 -6.947809e-03 -1.544517e-02 -7.919069e-02 7.066890e-03 -9.999456e-01 -7.668747e-03 5.198970e-02 -1.539105e-02 -7.776796e-03 9.998513e-01 1.489561e+00
-9.998349e-01 -6.947809e-03 -1.678816e-02 -8.090849e-02 7.077184e-03 -9.999456e-01 -7.659247e-03 5.183829e-02 -1.673403e-02 -7.776796e-03 9.998298e-01 1.510564e+00
-9.996845e-01 -9.984243e-03 -2.304810e-02 -9.217222e-02 1.017193e-02 -9.999160e-01 -8.040506e-03 4.769219e-02 -2.296588e-02 -8.272413e-03 9.997020e-01 1.524458e+00
-9.997178e-01 -9.984244e-03 -2.155667e-02 -9.318177e-02 1.015992e-02 -9.999160e-01 -8.055673e-03 4.763531e-02 -2.147443e-02 -8.272414e-03 9.997352e-01 1.532552e+00
-9.996447e-01 -9.984243e-03 -2.471272e-02 -9.400193e-02 1.018531e-02 -9.999160e-01 -8.023557e-03 4.735363e-02 -2.463053e-02 -8.272413e-03 9.996624e-01 1.567589e+00
-9.996221e-01 -9.984243e-03 -2.560994e-02 -9.742953e-02 1.019250e-02 -9.999160e-01 -8.014413e-03 4.715968e-02 -2.552777e-02 -8.272413e-03 9.996399e-01 1.595170e+00
-9.998415e-01 -7.011498e-03 -1.636664e-02 -9.740159e-02 7.122431e-03 -9.999520e-01 -6.729596e-03 4.936719e-02 -1.631867e-02 -6.845100e-03 9.998434e-01 1.623042e+00
-9.998291e-01 -7.011499e-03 -1.710322e-02 -9.832615e-02 7.127388e-03 -9.999520e-01 -6.724347e-03 4.923099e-02 -1.705525e-02 -6.845100e-03 9.998311e-01 1.643885e+00
-9.998008e-01 -7.011498e-03 -1.868482e-02 -9.491967e-02 7.138016e-03 -9.999520e-01 -6.713064e-03 4.907966e-02 -1.863686e-02 -6.845100e-03 9.998029e-01 1.662503e+00
-9.997762e-01 -7.011499e-03 -1.996243e-02 -9.233732e-02 7.146589e-03 -9.999520e-01 -6.703937e-03 4.893002e-02 -1.991447e-02 -6.845100e-03 9.997783e-01 1.681718e+00
-9.998012e-01 -9.743723e-03 -1.739541e-02 -9.960572e-02 9.813999e-03 -9.999440e-01 -3.959071e-03 5.281474e-02 -1.735586e-02 -4.129002e-03 9.998409e-01 1.706327e+00
-9.998673e-01 -9.743723e-03 -1.306136e-02 -1.026714e-01 9.796745e-03 -9.999440e-01 -4.001576e-03 5.285134e-02 -1.302164e-02 -4.129003e-03 9.999067e-01 1.704698e+00
-9.998748e-01 -9.743724e-03 -1.246994e-02 -1.006045e-01 9.794377e-03 -9.999440e-01 -4.007369e-03 5.283434e-02 -1.243020e-02 -4.129002e-03 9.999142e-01 1.703936e+00
-9.998890e-01 -9.743723e-03 -1.127448e-02 -1.000531e-01 9.789578e-03 -9.999440e-01 -4.019076e-03 5.283779e-02 -1.123469e-02 -4.129002e-03 9.999284e-01 1.701801e+00
-9.998582e-01 -5.678914e-03 -1.585271e-02 -1.038930e-01 5.884988e-03 -9.998984e-01 -1.298303e-02 5.809268e-02 -1.577737e-02 -1.307448e-02 9.997900e-01 1.704678e+00
-9.998745e-01 -5.678914e-03 -1.479215e-02 -1.056047e-01 5.871213e-03 -9.998984e-01 -1.298927e-02 5.813881e-02 -1.471688e-02 -1.307448e-02 9.998062e-01 1.701894e+00
-9.998936e-01 -5.678914e-03 -1.343925e-02 -1.067062e-01 5.853632e-03 -9.998984e-01 -1.299720e-02 5.818634e-02 -1.336407e-02 -1.307448e-02 9.998252e-01 1.698738e+00
-9.998686e-01 -5.678914e-03 -1.518706e-02 -1.060290e-01 5.876343e-03 -9.998984e-01 -1.298695e-02 5.774411e-02 -1.511177e-02 -1.307448e-02 9.998003e-01 1.732264e+00
-9.997578e-01 -9.075745e-04 -2.199069e-02 -9.940778e-02 1.271663e-03 -9.998623e-01 -1.654817e-02 4.575269e-02 -2.197265e-02 -1.657212e-02 9.996212e-01 1.765152e+00
-9.996754e-01 -9.075744e-04 -2.546073e-02 -1.054362e-01 1.329094e-03 -9.998623e-01 -1.654365e-02 4.525709e-02 -2.544221e-02 -1.657212e-02 9.995389e-01 1.795384e+00
-9.998050e-01 -9.075747e-04 -1.972750e-02 -1.141029e-01 1.234200e-03 -9.998623e-01 -1.655100e-02 4.473706e-02 -1.970976e-02 -1.657212e-02 9.996684e-01 1.827234e+00
-9.998858e-01 -9.075745e-04 -1.508554e-02 -1.143687e-01 1.157346e-03 -9.998623e-01 -1.655655e-02 4.412204e-02 -1.506844e-02 -1.657212e-02 9.997491e-01 1.864355e+00
-9.998482e-01 -2.275769e-03 -1.727254e-02 -1.193857e-01 2.446768e-03 -9.999481e-01 -9.885353e-03 4.894823e-02 -1.724914e-02 -9.926114e-03 9.998019e-01 1.903375e+00
-9.999288e-01 -2.275768e-03 -1.171309e-02 -1.328721e-01 2.391767e-03 -9.999481e-01 -9.898804e-03 4.856733e-02 -1.168996e-02 -9.926114e-03 9.998824e-01 1.944839e+00
-9.999766e-01 -2.275769e-03 -6.444102e-03 -1.389688e-01 2.339575e-03 -9.999481e-01 -9.911270e-03 4.829795e-02 -6.421212e-03 -9.926114e-03 9.999301e-01 1.973374e+00
-9.999974e-01 -2.275769e-03 -6.118181e-05 -1.475482e-01 2.276264e-03 -9.999481e-01 -9.926001e-03 4.798054e-02 -3.858935e-05 -9.926113e-03 9.999507e-01 2.007316e+00
-9.998770e-01 7.416104e-03 -1.382387e-02 -1.326967e-01 -7.266980e-03 -9.999152e-01 -1.080658e-02 5.045266e-02 -1.390284e-02 -1.070479e-02 9.998460e-01 2.035201e+00
-9.999068e-01 7.416104e-03 -1.146461e-02 -1.311133e-01 -7.292458e-03 -9.999152e-01 -1.078940e-02 5.029008e-02 -1.154365e-02 -1.070479e-02 9.998761e-01 2.051485e+00
-9.999330e-01 7.416104e-03 -8.884862e-03 -1.302023e-01 -7.320271e-03 -9.999152e-01 -1.077055e-02 5.012731e-02 -8.963984e-03 -1.070479e-02 9.999025e-01 2.067319e+00
-9.999433e-01 7.416104e-03 -7.643621e-03 -1.337907e-01 -7.333635e-03 -9.999152e-01 -1.076146e-02 4.991213e-02 -7.722780e-03 -1.070479e-02 9.999129e-01 2.084933e+00
-9.999046e-01 6.835769e-03 -1.200347e-02 -1.368418e-01 -6.735439e-03 -9.999422e-01 -8.379011e-03 4.994783e-02 -1.206005e-02 -8.297363e-03 9.998928e-01 2.100986e+00
-9.999175e-01 6.835769e-03 -1.087908e-02 -1.347817e-01 -6.744857e-03 -9.999422e-01 -8.371432e-03 4.986838e-02 -1.093568e-02 -8.297363e-03 9.999058e-01 2.112258e+00
-9.999422e-01 6.835769e-03 -8.294051e-03 -1.360590e-01 -6.766477e-03 -9.999422e-01 -8.353968e-03 4.975602e-02 -8.350677e-03 -8.297364e-03 9.999307e-01 2.124747e+00
-9.999610e-01 6.835769e-03 -5.605248e-03 -1.377147e-01 -6.788915e-03 -9.999422e-01 -8.335743e-03 4.963826e-02 -5.661906e-03 -8.297364e-03 9.999496e-01 2.137574e+00
-9.999451e-01 2.504770e-03 -1.017126e-02 -1.434657e-01 -2.494027e-03 -9.999963e-01 -1.068706e-03 4.465153e-02 -1.017390e-02 -1.043280e-03 9.999477e-01 2.149784e+00
-9.999677e-01 2.504770e-03 -7.636940e-03 -1.463079e-01 -2.496728e-03 -9.999963e-01 -1.062382e-03 4.463287e-02 -7.639573e-03 -1.043280e-03 9.999703e-01 2.160850e+00
-9.999806e-01 2.504770e-03 -5.703256e-03 -1.486391e-01 -2.498778e-03 -9.999963e-01 -1.057551e-03 4.461633e-02 -5.705885e-03 -1.043280e-03 9.999832e-01 2.171114e+00
-9.999917e-01 2.504770e-03 -3.217576e-03 -1.542486e-01 -2.501399e-03 -9.999963e-01 -1.051337e-03 4.459324e-02 -3.220197e-03 -1.043280e-03 9.999943e-01 2.179775e+00
-9.999287e-01 3.729367e-03 -1.134241e-02 -1.539971e-01 -3.765868e-03 -9.999878e-01 3.198431e-03 3.803452e-02 -1.133034e-02 3.240917e-03 9.999306e-01 2.183603e+00
-9.999419e-01 3.729367e-03 -1.011823e-02 -1.549073e-01 -3.761949e-03 -9.999878e-01 3.203039e-03 3.802175e-02 -1.010616e-02 3.240917e-03 9.999437e-01 2.180708e+00
-9.999429e-01 3.729367e-03 -1.001148e-02 -1.549443e-01 -3.761607e-03 -9.999878e-01 3.203441e-03 3.801288e-02 -9.999410e-03 3.240917e-03 9.999447e-01 2.178015e+00
-9.999270e-01 3.729367e-03 -1.148942e-02 -1.588000e-01 -3.766338e-03 -9.999878e-01 3.197878e-03 3.798453e-02 -1.147736e-02 3.240917e-03 9.999289e-01 2.173704e+00
-9.999458e-01 6.209624e-03 -8.353436e-03 -1.580138e-01 -6.178681e-03 -9.999740e-01 -3.724970e-03 4.797561e-02 -8.376350e-03 -3.673156e-03 9.999582e-01 2.177797e+00
-9.999362e-01 6.209624e-03 -9.435309e-03 -1.588466e-01 -6.174646e-03 -9.999740e-01 -3.731653e-03 4.795852e-02 -9.458235e-03 -3.673155e-03 9.999485e-01 2.181044e+00
-9.999467e-01 6.209624e-03 -8.248607e-03 -1.591714e-01 -6.179071e-03 -9.999740e-01 -3.724323e-03 4.795552e-02 -8.271519e-03 -3.673156e-03 9.999591e-01 2.181312e+00
-9.999479e-01 6.209624e-03 -8.096913e-03 -1.595769e-01 -6.179636e-03 -9.999740e-01 -3.723385e-03 4.795041e-02 -8.119823e-03 -3.673155e-03 9.999603e-01 2.182017e+00
-9.999456e-01 6.027511e-03 -8.512550e-03 -1.622816e-01 -6.022706e-03 -9.999817e-01 -5.899962e-04 4.943341e-02 -8.515949e-03 -5.386955e-04 9.999636e-01 2.182683e+00
-9.999453e-01 6.027511e-03 -8.552307e-03 -1.640437e-01 -6.022682e-03 -9.999817e-01 -5.902357e-04 4.942231e-02 -8.555708e-03 -5.386955e-04 9.999633e-01 2.183574e+00
-9.999787e-01 6.027511e-03 2.504725e-03 -1.687930e-01 -6.028840e-03 -9.999817e-01 -5.236062e-04 4.937204e-02 2.501523e-03 -5.386956e-04 9.999967e-01 2.223732e+00
-9.999092e-01 6.027512e-03 1.205764e-02 -1.725462e-01 -6.033568e-03 -9.999817e-01 -4.659874e-04 4.932785e-02 1.205461e-02 -5.386956e-04 9.999272e-01 2.263773e+00
-9.999387e-01 1.100357e-02 -1.228082e-03 -1.699357e-01 -1.099566e-02 -9.999198e-01 -6.279232e-03 4.604804e-02 -1.297077e-03 -6.265344e-03 9.999795e-01 2.304000e+00
-9.999105e-01 1.100357e-02 7.610846e-03 -1.738192e-01 -1.105073e-02 -9.999198e-01 -6.181791e-03 4.575847e-02 7.542214e-03 -6.265344e-03 9.999520e-01 2.343393e+00
-9.999267e-01 1.100357e-02 5.053841e-03 -1.818600e-01 -1.103489e-02 -9.999198e-01 -6.210031e-03 4.566134e-02 4.985103e-03 -6.265344e-03 9.999680e-01 2.344773e+00
-9.999094e-01 1.100357e-02 7.750946e-03 -1.862453e-01 -1.105160e-02 -9.999198e-01 -6.180244e-03 4.554725e-02 7.682319e-03 -6.265344e-03 9.999509e-01 2.355280e+00
-9.997466e-01 2.097058e-02 -8.180662e-03 -1.792028e-01 -2.079132e-02 -9.995545e-01 -2.141478e-02 4.247716e-02 -8.626098e-03 -2.123927e-02 9.997372e-01 2.366771e+00
-9.997717e-01 2.097058e-02 -4.098448e-03 -1.804887e-01 -2.087859e-02 -9.995545e-01 -2.132971e-02 4.225107e-02 -4.543919e-03 -2.123927e-02 9.997641e-01 2.376142e+00
-9.997768e-01 2.097058e-02 -2.534748e-03 -1.783151e-01 -2.091192e-02 -9.995545e-01 -2.129703e-02 4.179014e-02 -2.980230e-03 -2.123927e-02 9.997700e-01 2.399980e+00
-9.997769e-01 2.097058e-02 -2.528445e-03 -1.809216e-01 -2.091206e-02 -9.995545e-01 -2.129690e-02 4.120820e-02 -2.973927e-03 -2.123927e-02 9.997700e-01 2.424794e+00
-9.998168e-01 1.899055e-02 -2.378640e-03 -1.858642e-01 -1.895723e-02 -9.997315e-01 -1.332340e-02 4.027377e-02 -2.631020e-03 -1.327587e-02 9.999084e-01 2.449211e+00
-9.998062e-01 1.899055e-02 -5.186589e-03 -1.819729e-01 -1.891974e-02 -9.997315e-01 -1.337659e-02 4.008368e-02 -5.439226e-03 -1.327587e-02 9.998971e-01 2.469092e+00
-9.997794e-01 1.899055e-02 -8.976366e-03 -1.808184e-01 -1.886890e-02 -9.997315e-01 -1.344821e-02 3.986164e-02 -9.229344e-03 -1.327587e-02 9.998693e-01 2.487463e+00
-9.997203e-01 1.899055e-02 -1.409360e-02 -1.789795e-01 -1.879982e-02 -9.997315e-01 -1.354462e-02 3.955445e-02 -1.434703e-02 -1.327587e-02 9.998090e-01 2.513227e+00
-9.998875e-01 1.361865e-02 -6.299638e-03 -1.854352e-01 -1.355032e-02 -9.998502e-01 -1.076510e-02 4.114391e-02 -6.445301e-03 -1.067853e-02 9.999222e-01 2.539559e+00
-9.998603e-01 1.361865e-02 -9.691658e-03 -1.857815e-01 -1.351372e-02 -9.998502e-01 -1.081101e-02 4.084682e-02 -9.837437e-03 -1.067853e-02 9.998946e-01 2.566934e+00
-9.998356e-01 1.361864e-02 -1.197438e-02 -1.910620e-01 -1.348900e-02 -9.998502e-01 -1.084183e-02 4.045017e-02 -1.212023e-02 -1.067853e-02 9.998695e-01 2.597339e+00
-9.997861e-01 1.361865e-02 -1.556396e-02 -1.942058e-01 -1.344999e-02 -9.998502e-01 -1.089019e-02 4.015744e-02 -1.570994e-02 -1.067853e-02 9.998196e-01 2.620737e+00
-9.998975e-01 1.424789e-02 1.394402e-03 -1.961638e-01 -1.427015e-02 -9.997446e-01 -1.752588e-02 4.290119e-02 1.144339e-03 -1.754398e-02 9.998454e-01 2.635935e+00
-9.998960e-01 1.424789e-02 -2.205288e-03 -2.002118e-01 -1.420696e-02 -9.997446e-01 -1.757713e-02 4.180439e-02 -2.455161e-03 -1.754398e-02 9.998431e-01 2.695149e+00
-9.998943e-01 1.424789e-02 -2.881756e-03 -2.015147e-01 -1.419507e-02 -9.997446e-01 -1.758674e-02 4.077627e-02 -3.131594e-03 -1.754398e-02 9.998412e-01 2.752678e+00
